# Force coefficients
# dragDir   : (1.0000e+00 0.0000e+00 0.0000e+00)
# sideDir   : (0.0000e+00 0.0000e+00 -1.0000e+00)
# liftDir   : (0.0000e+00 1.0000e+00 0.0000e+00)
# rollAxis  : (1.0000e+00 0.0000e+00 0.0000e+00)
# pitchAxis : (0.0000e+00 0.0000e+00 -1.0000e+00)
# yawAxis   : (0.0000e+00 1.0000e+00 0.0000e+00)
# magUInf   : 1.0000e+00
# lRef      : 1.0000e+00
# Aref      : 1.0000e+00
# CofR      : (0.0000e+00 0.0000e+00 0.0000e+00)
#
# Time      	Cd          	Cs          	Cl          	CmRoll      	CmPitch     	CmYaw       	Cd(f)       	Cd(r)       	Cs(f)       	Cs(r)       	Cl(f)       	Cl(r)       
0.001       	2.3552e+00	-2.9834e-21	5.1830e+00	-2.5915e+00	-2.8445e+00	1.1776e+00	-1.4139e+00	3.7691e+00	1.1776e+00	-1.1776e+00	-2.5304e-01	5.4360e+00
0.002       	9.4374e-02	-6.9744e-21	-1.0841e+00	5.4205e-01	5.0416e-02	4.7187e-02	5.8924e-01	-4.9486e-01	4.7187e-02	-4.7187e-02	-4.9164e-01	-5.9247e-01
0.003       	-1.9965e+00	-3.5009e-21	-4.3592e+00	2.1796e+00	2.3045e+00	-9.9827e-01	1.1813e+00	-3.1779e+00	-9.9827e-01	9.9827e-01	1.2487e-01	-4.4841e+00
0.004       	-2.9442e+00	1.4243e-21	-5.7299e+00	2.8650e+00	2.9667e+00	-1.4721e+00	1.3929e+00	-4.3371e+00	-1.4721e+00	1.4721e+00	1.0171e-01	-5.8316e+00
0.005       	-3.3305e-01	3.8841e-21	5.0108e-02	-2.5054e-02	3.3657e-01	-1.6652e-01	-1.9158e-01	-1.4147e-01	-1.6652e-01	1.6652e-01	3.6163e-01	-3.1152e-01
0.006       	3.2900e+00	4.4378e-21	9.4026e+00	-4.7013e+00	-3.5494e+00	1.6450e+00	-3.0563e+00	6.3463e+00	1.6450e+00	-1.6450e+00	1.1519e+00	8.2507e+00
0.007       	5.8067e+00	3.9464e-21	1.8613e+01	-9.3066e+00	-6.7422e+00	2.9034e+00	-6.4033e+00	1.2210e+01	2.9034e+00	-2.9034e+00	2.5644e+00	1.6049e+01
0.008       	3.4142e+00	2.3558e-21	1.1738e+01	-5.8690e+00	-4.3192e+00	1.7071e+00	-4.1619e+00	7.5761e+00	1.7071e+00	-1.7071e+00	1.5499e+00	1.0188e+01
0.009       	-4.6120e-02	-9.0444e-22	4.8606e-01	-2.4303e-01	-7.6421e-01	-2.3060e-02	-2.6609e-01	2.1997e-01	-2.3060e-02	2.3060e-02	-5.2118e-01	1.0072e+00
0.01        	-1.8349e+00	-1.7183e-21	-5.5536e+00	2.7768e+00	1.2019e+00	-9.1744e-01	1.8594e+00	-3.6942e+00	-9.1744e-01	9.1744e-01	-1.5749e+00	-3.9787e+00
0.011       	-5.6644e-01	-2.3708e-22	-2.3371e+00	1.1685e+00	2.7625e-01	-2.8322e-01	8.8531e-01	-1.4518e+00	-2.8322e-01	2.8322e-01	-8.9228e-01	-1.4448e+00
0.012       	1.4769e+00	1.8048e-21	3.4690e+00	-1.7345e+00	-1.1422e+00	7.3847e-01	-9.9605e-01	2.4730e+00	7.3847e-01	-7.3847e-01	5.9229e-01	2.8768e+00
0.013       	2.6854e+00	2.2240e-21	6.9675e+00	-3.4837e+00	-2.3046e+00	1.3427e+00	-2.1410e+00	4.8264e+00	1.3427e+00	-1.3427e+00	1.1791e+00	5.7883e+00
0.014       	2.3712e+00	1.0343e-21	6.5601e+00	-3.2800e+00	-2.7170e+00	1.1856e+00	-2.0945e+00	4.4656e+00	1.1856e+00	-1.1856e+00	5.6307e-01	5.9970e+00
0.015       	1.6197e+00	-2.0739e-22	4.4822e+00	-2.2411e+00	-2.5646e+00	8.0984e-01	-1.4312e+00	3.0509e+00	8.0984e-01	-8.0984e-01	-3.2352e-01	4.8057e+00
0.016       	6.6626e-01	-7.5173e-22	2.5612e+00	-1.2806e+00	-2.2695e+00	3.3313e-01	-9.4749e-01	1.6138e+00	3.3313e-01	-3.3313e-01	-9.8887e-01	3.5501e+00
0.017       	3.8731e-01	-2.2560e-22	1.7329e+00	-8.6644e-01	-1.5450e+00	1.9365e-01	-6.7279e-01	1.0601e+00	1.9365e-01	-1.9365e-01	-6.7853e-01	2.4114e+00
0.018       	7.1579e-01	5.1170e-22	2.4694e+00	-1.2347e+00	-1.3980e+00	3.5789e-01	-8.7681e-01	1.5926e+00	3.5789e-01	-3.5789e-01	-1.6330e-01	2.6327e+00
0.019       	1.4312e+00	9.5185e-22	3.1522e+00	-1.5761e+00	-1.1309e+00	7.1559e-01	-8.6051e-01	2.2917e+00	7.1559e-01	-7.1559e-01	4.4522e-01	2.7070e+00
0.02        	1.7521e+00	7.1195e-22	3.6432e+00	-1.8216e+00	-1.5798e+00	8.7603e-01	-9.4555e-01	2.6976e+00	8.7603e-01	-8.7603e-01	2.4175e-01	3.4014e+00
0.021       	1.5898e+00	3.2897e-22	3.3733e+00	-1.6867e+00	-1.8123e+00	7.9490e-01	-8.9178e-01	2.4816e+00	7.9490e-01	-7.9490e-01	-1.2563e-01	3.4990e+00
0.022       	1.2188e+00	-3.7745e-22	3.8887e+00	-1.9444e+00	-2.8123e+00	6.0939e-01	-1.3350e+00	2.5538e+00	6.0939e-01	-6.0939e-01	-8.6794e-01	4.7567e+00
0.023       	8.9185e-01	-2.6931e-22	3.5051e+00	-1.7525e+00	-2.6338e+00	4.4592e-01	-1.3066e+00	2.1985e+00	4.4592e-01	-4.4592e-01	-8.8129e-01	4.3864e+00
0.024       	9.1230e-01	-1.5638e-23	3.3539e+00	-1.6770e+00	-2.3029e+00	4.5615e-01	-1.2208e+00	2.1331e+00	4.5615e-01	-4.5615e-01	-6.2596e-01	3.9799e+00
0.025       	9.8499e-01	6.3593e-22	1.9867e+00	-9.9333e-01	-9.7440e-01	4.9249e-01	-5.0084e-01	1.4858e+00	4.9249e-01	-4.9249e-01	1.8934e-02	1.9677e+00
0.026       	1.0325e+00	6.2428e-22	1.3731e+00	-6.8653e-01	-5.6926e-01	5.1624e-01	-1.7029e-01	1.2028e+00	5.1624e-01	-5.1624e-01	1.1727e-01	1.2558e+00
0.027       	9.2442e-01	3.8273e-22	1.2418e+00	-6.2090e-01	-7.0675e-01	4.6221e-01	-1.5869e-01	1.0831e+00	4.6221e-01	-4.6221e-01	-8.5854e-02	1.3276e+00
0.028       	9.3196e-01	-2.3579e-22	2.7530e+00	-1.3765e+00	-2.0344e+00	4.6598e-01	-9.1054e-01	1.8425e+00	4.6598e-01	-4.6598e-01	-6.5788e-01	3.4109e+00
0.029       	9.1638e-01	-3.9697e-22	3.6289e+00	-1.8145e+00	-2.6654e+00	4.5819e-01	-1.3563e+00	2.2726e+00	4.5819e-01	-4.5819e-01	-8.5093e-01	4.4798e+00
0.03        	8.7427e-01	-2.1023e-22	3.3408e+00	-1.6704e+00	-2.3453e+00	4.3713e-01	-1.2333e+00	2.1076e+00	4.3713e-01	-4.3713e-01	-6.7487e-01	4.0157e+00
0.031       	7.3987e-01	2.6598e-22	1.8623e+00	-9.3114e-01	-1.0984e+00	3.6994e-01	-5.6120e-01	1.3011e+00	3.6994e-01	-3.6994e-01	-1.6730e-01	2.0296e+00
0.032       	6.1062e-01	4.0619e-22	8.1564e-01	-4.0782e-01	-3.2806e-01	3.0531e-01	-1.0251e-01	7.1313e-01	3.0531e-01	-3.0531e-01	7.9762e-02	7.3588e-01
0.033       	3.9623e-01	2.7558e-22	6.0157e-03	-3.0079e-03	8.3037e-02	1.9812e-01	1.9511e-01	2.0112e-01	1.9812e-01	-1.9812e-01	8.6044e-02	-8.0029e-02
0.034       	3.7569e-01	8.9292e-23	2.7235e-01	-1.3618e-01	-2.0293e-01	1.8785e-01	5.1671e-02	3.2402e-01	1.8785e-01	-1.8785e-01	-6.6757e-02	3.3911e-01
0.035       	4.3743e-01	-9.6061e-23	1.1661e+00	-5.8303e-01	-8.6768e-01	2.1871e-01	-3.6432e-01	8.0174e-01	2.1871e-01	-2.1871e-01	-2.8465e-01	1.4507e+00
0.036       	5.2415e-01	-1.3653e-22	2.0395e+00	-1.0198e+00	-1.4105e+00	2.6208e-01	-7.5770e-01	1.2818e+00	2.6208e-01	-2.6208e-01	-3.9072e-01	2.4303e+00
0.037       	5.4600e-01	-3.8307e-23	2.2868e+00	-1.1434e+00	-1.4633e+00	2.7300e-01	-8.7041e-01	1.4164e+00	2.7300e-01	-2.7300e-01	-3.1991e-01	2.6067e+00
0.038       	4.5508e-01	9.6976e-23	1.7729e+00	-8.8643e-01	-1.0049e+00	2.2754e-01	-6.5889e-01	1.1140e+00	2.2754e-01	-2.2754e-01	-1.1852e-01	1.8914e+00
0.039       	2.8274e-01	1.9676e-22	7.6002e-01	-3.8001e-01	-2.7452e-01	1.4137e-01	-2.3864e-01	5.2138e-01	1.4137e-01	-1.4137e-01	1.0549e-01	6.5453e-01
0.04        	1.4583e-01	1.9593e-22	-2.3250e-02	1.1625e-02	2.2545e-01	7.2913e-02	8.4537e-02	6.1288e-02	7.2913e-02	-7.2913e-02	2.1383e-01	-2.3708e-01
0.041       	4.9363e-02	1.3452e-22	-4.8292e-01	2.4146e-01	4.8282e-01	2.4682e-02	2.6614e-01	-2.1678e-01	2.4682e-02	-2.4682e-02	2.4136e-01	-7.2428e-01
0.042       	-2.6688e-02	1.7615e-23	-6.6583e-01	3.3291e-01	5.4350e-01	-1.3344e-02	3.1957e-01	-3.4626e-01	-1.3344e-02	1.3344e-02	2.1059e-01	-8.7641e-01
0.043       	-2.8941e-02	-7.4533e-23	-3.7309e-01	1.8655e-01	3.1705e-01	-1.4471e-02	1.7208e-01	-2.0102e-01	-1.4471e-02	1.4471e-02	1.3050e-01	-5.0359e-01
0.044       	3.0324e-02	-1.1299e-22	1.4191e-01	-7.0955e-02	-1.1082e-02	1.5162e-02	-5.5793e-02	8.6117e-02	1.5162e-02	-1.5162e-02	5.9873e-02	8.2037e-02
0.045       	9.0428e-02	-7.9679e-23	4.9433e-01	-2.4717e-01	-2.1583e-01	4.5214e-02	-2.0195e-01	2.9238e-01	4.5214e-02	-4.5214e-02	3.1341e-02	4.6299e-01
0.046       	1.3733e-01	-2.5421e-23	6.7855e-01	-3.3927e-01	-3.1278e-01	6.8663e-02	-2.7061e-01	4.0794e-01	6.8663e-02	-6.8663e-02	2.6494e-02	6.5205e-01
0.047       	1.8911e-01	1.2308e-23	7.9213e-01	-3.9607e-01	-3.6025e-01	9.4556e-02	-3.0151e-01	4.9062e-01	9.4556e-02	-9.4556e-02	3.5811e-02	7.5632e-01
0.048       	2.3456e-01	5.2663e-23	7.8854e-01	-3.9427e-01	-3.2681e-01	1.1728e-01	-2.7699e-01	5.1155e-01	1.1728e-01	-1.1728e-01	6.7456e-02	7.2108e-01
0.049       	2.3642e-01	9.6933e-23	5.9480e-01	-2.9740e-01	-1.7509e-01	1.1821e-01	-1.7919e-01	4.1561e-01	1.1821e-01	-1.1821e-01	1.2231e-01	4.7248e-01
0.05        	1.9750e-01	1.1525e-22	3.4929e-01	-1.7465e-01	-8.3643e-03	9.8749e-02	-7.5897e-02	2.7340e-01	9.8749e-02	-9.8749e-02	1.6628e-01	1.8301e-01
0.051       	1.5666e-01	1.1463e-22	1.9503e-01	-9.7516e-02	9.1435e-02	7.8332e-02	-1.9185e-02	1.7585e-01	7.8332e-02	-7.8332e-02	1.8895e-01	6.0819e-03
0.052       	1.2312e-01	1.2758e-22	1.1475e-01	-5.7375e-02	1.4233e-01	6.1561e-02	4.1868e-03	1.1894e-01	6.1561e-02	-6.1561e-02	1.9970e-01	-8.4951e-02
0.053       	9.1143e-02	1.2950e-22	7.8478e-02	-3.9239e-02	1.6553e-01	4.5572e-02	6.3325e-03	8.4811e-02	4.5572e-02	-4.5572e-02	2.0476e-01	-1.2629e-01
0.054       	6.6731e-02	1.4509e-22	1.0551e-01	-5.2755e-02	1.4921e-01	3.3365e-02	-1.9390e-02	8.6121e-02	3.3365e-02	-3.3365e-02	2.0197e-01	-9.6456e-02
0.055       	6.4890e-02	1.7441e-22	2.4498e-01	-1.2249e-01	6.4644e-02	3.2445e-02	-9.0043e-02	1.5493e-01	3.2445e-02	-3.2445e-02	1.8713e-01	5.7844e-02
0.056       	1.0093e-01	2.0782e-22	5.1665e-01	-2.5832e-01	-9.6504e-02	5.0464e-02	-2.0786e-01	3.0879e-01	5.0464e-02	-5.0464e-02	1.6182e-01	3.5483e-01
0.057       	1.4591e-01	2.2416e-22	7.3408e-01	-3.6704e-01	-2.1843e-01	7.2957e-02	-2.9408e-01	4.4000e-01	7.2957e-02	-7.2957e-02	1.4861e-01	5.8547e-01
0.058       	1.6680e-01	2.2735e-22	7.9848e-01	-3.9924e-01	-2.4659e-01	8.3399e-02	-3.1584e-01	4.8264e-01	8.3399e-02	-8.3399e-02	1.5265e-01	6.4583e-01
0.059       	1.7615e-01	2.2480e-22	8.0537e-01	-4.0269e-01	-2.3866e-01	8.8077e-02	-3.1461e-01	4.9076e-01	8.8077e-02	-8.8077e-02	1.6402e-01	6.4135e-01
0.06        	1.8074e-01	2.2085e-22	7.8794e-01	-3.9397e-01	-2.1187e-01	9.0368e-02	-3.0360e-01	4.8434e-01	9.0368e-02	-9.0368e-02	1.8210e-01	6.0584e-01
0.061       	1.7888e-01	2.2182e-22	7.4525e-01	-3.7263e-01	-1.6314e-01	8.9439e-02	-2.8319e-01	4.6206e-01	8.9439e-02	-8.9439e-02	2.0948e-01	5.3577e-01
0.062       	1.6711e-01	2.2738e-22	6.6881e-01	-3.3441e-01	-8.6707e-02	8.3555e-02	-2.5085e-01	4.1796e-01	8.3555e-02	-8.3555e-02	2.4770e-01	4.2111e-01
0.063       	1.4167e-01	2.4031e-22	5.5147e-01	-2.7573e-01	1.5688e-02	7.0833e-02	-2.0490e-01	3.4657e-01	7.0833e-02	-7.0833e-02	2.9142e-01	2.6005e-01
0.064       	1.0784e-01	2.4190e-22	4.3180e-01	-2.1590e-01	9.8504e-02	5.3919e-02	-1.6198e-01	2.6982e-01	5.3919e-02	-5.3919e-02	3.1440e-01	1.1740e-01
0.065       	8.6294e-02	2.4922e-22	3.7819e-01	-1.8909e-01	1.1862e-01	4.3147e-02	-1.4595e-01	2.3224e-01	4.3147e-02	-4.3147e-02	3.0772e-01	7.0470e-02
0.066       	7.6879e-02	2.6384e-22	3.7116e-01	-1.8558e-01	1.0586e-01	3.8439e-02	-1.4714e-01	2.2402e-01	3.8439e-02	-3.8439e-02	2.9143e-01	7.9723e-02
0.067       	7.2177e-02	2.6954e-22	3.8714e-01	-1.9357e-01	7.6374e-02	3.6089e-02	-1.5748e-01	2.2966e-01	3.6089e-02	-3.6089e-02	2.6995e-01	1.1720e-01
0.068       	7.2045e-02	2.9813e-22	4.2687e-01	-2.1343e-01	3.0670e-02	3.6022e-02	-1.7741e-01	2.4946e-01	3.6022e-02	-3.6022e-02	2.4410e-01	1.8276e-01
0.069       	7.8846e-02	3.0610e-22	4.9415e-01	-2.4707e-01	-3.1346e-02	3.9423e-02	-2.0765e-01	2.8650e-01	3.9423e-02	-3.9423e-02	2.1573e-01	2.7842e-01
0.07        	9.3420e-02	3.1499e-22	5.8469e-01	-2.9235e-01	-1.0409e-01	4.6710e-02	-2.4564e-01	3.3906e-01	4.6710e-02	-4.6710e-02	1.8826e-01	3.9643e-01
0.071       	1.1311e-01	3.1695e-22	6.8301e-01	-3.4150e-01	-1.7530e-01	5.6556e-02	-2.8495e-01	3.9806e-01	5.6556e-02	-5.6556e-02	1.6620e-01	5.1681e-01
0.072       	1.3308e-01	3.1640e-22	7.6898e-01	-3.8449e-01	-2.3140e-01	6.6542e-02	-3.1795e-01	4.5103e-01	6.6542e-02	-6.6542e-02	1.5309e-01	6.1589e-01
0.073       	1.4972e-01	2.9032e-22	8.2933e-01	-4.1466e-01	-2.6480e-01	7.4860e-02	-3.3980e-01	4.8952e-01	7.4860e-02	-7.4860e-02	1.4986e-01	6.7947e-01
0.074       	1.6037e-01	2.6634e-22	8.5676e-01	-4.2838e-01	-2.7240e-01	8.0186e-02	-3.4819e-01	5.0857e-01	8.0186e-02	-8.0186e-02	1.5598e-01	7.0078e-01
0.075       	1.6572e-01	2.3666e-22	8.5484e-01	-4.2742e-01	-2.5759e-01	8.2861e-02	-3.4456e-01	5.1028e-01	8.2861e-02	-8.2861e-02	1.6983e-01	6.8501e-01
0.076       	1.6624e-01	2.1078e-22	8.2828e-01	-4.1414e-01	-2.2542e-01	8.3122e-02	-3.3102e-01	4.9726e-01	8.3122e-02	-8.3122e-02	1.8872e-01	6.3956e-01
0.077       	1.6296e-01	1.8817e-22	7.8600e-01	-3.9300e-01	-1.8467e-01	8.1479e-02	-3.1152e-01	4.7448e-01	8.1479e-02	-8.1479e-02	2.0833e-01	5.7767e-01
0.078       	1.5712e-01	1.8123e-22	7.3587e-01	-3.6794e-01	-1.4262e-01	7.8560e-02	-2.8938e-01	4.4650e-01	7.8560e-02	-7.8560e-02	2.2531e-01	5.1056e-01
0.079       	1.4915e-01	1.7436e-22	6.8022e-01	-3.4011e-01	-1.0221e-01	7.4576e-02	-2.6553e-01	4.1469e-01	7.4576e-02	-7.4576e-02	2.3790e-01	4.4232e-01
0.08        	1.3879e-01	1.7627e-22	6.1941e-01	-3.0971e-01	-6.5430e-02	6.9395e-02	-2.4031e-01	3.7910e-01	6.9395e-02	-6.9395e-02	2.4428e-01	3.7514e-01
0.081       	1.2570e-01	1.8597e-22	5.5626e-01	-2.7813e-01	-3.5512e-02	6.2850e-02	-2.1528e-01	3.4098e-01	6.2850e-02	-6.2850e-02	2.4262e-01	3.1364e-01
0.082       	1.1265e-01	1.9377e-22	5.0447e-01	-2.5224e-01	-1.8683e-02	5.6325e-02	-1.9591e-01	3.0856e-01	5.6325e-02	-5.6325e-02	2.3355e-01	2.7092e-01
0.083       	1.0107e-01	2.0622e-22	4.6755e-01	-2.3377e-01	-1.3463e-02	5.0537e-02	-1.8324e-01	2.8431e-01	5.0537e-02	-5.0537e-02	2.2031e-01	2.4724e-01
0.084       	9.2455e-02	2.1518e-22	4.4687e-01	-2.2344e-01	-1.7241e-02	4.6227e-02	-1.7721e-01	2.6966e-01	4.6227e-02	-4.6227e-02	2.0619e-01	2.4068e-01
0.085       	8.7665e-02	2.1417e-22	4.4141e-01	-2.2071e-01	-2.7314e-02	4.3832e-02	-1.7687e-01	2.6454e-01	4.3832e-02	-4.3832e-02	1.9339e-01	2.4802e-01
0.086       	8.6387e-02	2.1310e-22	4.4698e-01	-2.2349e-01	-3.9804e-02	4.3194e-02	-1.8030e-01	2.6668e-01	4.3194e-02	-4.3194e-02	1.8369e-01	2.6329e-01
0.087       	8.8330e-02	2.0538e-22	4.6204e-01	-2.3102e-01	-5.5015e-02	4.4165e-02	-1.8685e-01	2.7518e-01	4.4165e-02	-4.4165e-02	1.7600e-01	2.8603e-01
0.088       	9.4824e-02	1.9106e-22	4.8888e-01	-2.4444e-01	-7.4910e-02	4.7412e-02	-1.9703e-01	2.9185e-01	4.7412e-02	-4.7412e-02	1.6953e-01	3.1935e-01
0.089       	1.0865e-01	1.7664e-22	5.3576e-01	-2.6788e-01	-1.0550e-01	5.4327e-02	-2.1355e-01	3.2221e-01	5.4327e-02	-5.4327e-02	1.6238e-01	3.7338e-01
0.09        	1.2880e-01	1.5884e-22	5.9711e-01	-2.9855e-01	-1.4323e-01	6.4399e-02	-2.3415e-01	3.6295e-01	6.4399e-02	-6.4399e-02	1.5532e-01	4.4178e-01
0.091       	1.5423e-01	1.4574e-22	6.6775e-01	-3.3387e-01	-1.8552e-01	7.7113e-02	-2.5676e-01	4.1099e-01	7.7113e-02	-7.7113e-02	1.4835e-01	5.1939e-01
0.092       	1.8403e-01	1.3140e-22	7.4275e-01	-3.7138e-01	-2.2979e-01	9.2016e-02	-2.7936e-01	4.6339e-01	9.2016e-02	-9.2016e-02	1.4159e-01	6.0117e-01
0.093       	2.1571e-01	1.2404e-22	8.1203e-01	-4.0601e-01	-2.6992e-01	1.0786e-01	-2.9816e-01	5.1387e-01	1.0786e-01	-1.0786e-01	1.3609e-01	6.7594e-01
0.094       	2.4211e-01	1.2533e-22	8.5714e-01	-4.2857e-01	-2.9503e-01	1.2105e-01	-3.0752e-01	5.4962e-01	1.2105e-01	-1.2105e-01	1.3354e-01	7.2360e-01
0.095       	2.5792e-01	1.3483e-22	8.7088e-01	-4.3544e-01	-3.0165e-01	1.2896e-01	-3.0648e-01	5.6440e-01	1.2896e-01	-1.2896e-01	1.3379e-01	7.3708e-01
0.096       	2.6543e-01	1.4236e-22	8.6295e-01	-4.3148e-01	-2.9570e-01	1.3271e-01	-2.9876e-01	5.6419e-01	1.3271e-01	-1.3271e-01	1.3578e-01	7.2717e-01
0.097       	2.6796e-01	1.5214e-22	8.4009e-01	-4.2005e-01	-2.8102e-01	1.3398e-01	-2.8607e-01	5.5402e-01	1.3398e-01	-1.3398e-01	1.3902e-01	7.0107e-01
0.098       	2.6633e-01	1.7333e-22	8.0396e-01	-4.0198e-01	-2.5886e-01	1.3317e-01	-2.6881e-01	5.3514e-01	1.3317e-01	-1.3317e-01	1.4312e-01	6.6084e-01
0.099       	2.6045e-01	1.9086e-22	7.5812e-01	-3.7906e-01	-2.3228e-01	1.3023e-01	-2.4883e-01	5.0929e-01	1.3023e-01	-1.3023e-01	1.4678e-01	6.1134e-01
0.1         	2.5281e-01	2.0716e-22	7.1979e-01	-3.5989e-01	-2.1192e-01	1.2640e-01	-2.3349e-01	4.8630e-01	1.2640e-01	-1.2640e-01	1.4797e-01	5.7182e-01
0.101       	2.4536e-01	2.1603e-22	6.9351e-01	-3.4675e-01	-2.0033e-01	1.2268e-01	-2.2407e-01	4.6943e-01	1.2268e-01	-1.2268e-01	1.4642e-01	5.4709e-01
0.102       	2.3800e-01	2.1500e-22	6.7597e-01	-3.3798e-01	-1.9628e-01	1.1900e-01	-2.1898e-01	4.5698e-01	1.1900e-01	-1.1900e-01	1.4170e-01	5.3427e-01
0.103       	2.2976e-01	2.0729e-22	6.6717e-01	-3.3359e-01	-2.0364e-01	1.1488e-01	-2.1871e-01	4.4847e-01	1.1488e-01	-1.1488e-01	1.2995e-01	5.3723e-01
0.104       	2.2709e-01	1.8688e-22	6.8682e-01	-3.4341e-01	-2.3340e-01	1.1354e-01	-2.2987e-01	4.5695e-01	1.1354e-01	-1.1354e-01	1.1001e-01	5.7681e-01
0.105       	2.3514e-01	1.6875e-22	7.3271e-01	-3.6636e-01	-2.7314e-01	1.1757e-01	-2.4878e-01	4.8393e-01	1.1757e-01	-1.1757e-01	9.3216e-02	6.3950e-01
0.106       	2.4707e-01	1.6227e-22	7.7531e-01	-3.8765e-01	-3.0280e-01	1.2353e-01	-2.6412e-01	5.1119e-01	1.2353e-01	-1.2353e-01	8.4856e-02	6.9045e-01
0.107       	2.5883e-01	1.4914e-22	8.0693e-01	-4.0347e-01	-3.2190e-01	1.2942e-01	-2.7405e-01	5.3288e-01	1.2942e-01	-1.2942e-01	8.1570e-02	7.2536e-01
0.108       	2.7230e-01	1.4494e-22	8.3584e-01	-4.1792e-01	-3.3729e-01	1.3615e-01	-2.8177e-01	5.5407e-01	1.3615e-01	-1.3615e-01	8.0631e-02	7.5521e-01
0.109       	2.8733e-01	1.4815e-22	8.6262e-01	-4.3131e-01	-3.4982e-01	1.4366e-01	-2.8764e-01	5.7497e-01	1.4366e-01	-1.4366e-01	8.1489e-02	7.8113e-01
0.11        	3.0258e-01	1.5834e-22	8.8434e-01	-4.4217e-01	-3.5838e-01	1.5129e-01	-2.9088e-01	5.9346e-01	1.5129e-01	-1.5129e-01	8.3791e-02	8.0055e-01
0.111       	3.1565e-01	1.6175e-22	8.9391e-01	-4.4695e-01	-3.5972e-01	1.5782e-01	-2.8913e-01	6.0478e-01	1.5782e-01	-1.5782e-01	8.7235e-02	8.0667e-01
0.112       	3.1669e-01	1.6402e-22	8.9150e-01	-4.4575e-01	-3.5804e-01	1.5834e-01	-2.8741e-01	6.0410e-01	1.5834e-01	-1.5834e-01	8.7710e-02	8.0379e-01
0.113       	3.0957e-01	1.6547e-22	8.5090e-01	-4.2545e-01	-3.3758e-01	1.5479e-01	-2.7066e-01	5.8024e-01	1.5479e-01	-1.5479e-01	8.7872e-02	7.6303e-01
0.114       	2.9417e-01	1.6088e-22	7.9670e-01	-3.9835e-01	-3.1225e-01	1.4709e-01	-2.5126e-01	5.4543e-01	1.4709e-01	-1.4709e-01	8.6102e-02	7.1059e-01
0.115       	2.7476e-01	1.5003e-22	7.4022e-01	-3.7011e-01	-2.8699e-01	1.3738e-01	-2.3273e-01	5.0749e-01	1.3738e-01	-1.3738e-01	8.3121e-02	6.5710e-01
0.116       	2.6974e-01	1.4826e-22	7.2735e-01	-3.6368e-01	-2.8168e-01	1.3487e-01	-2.2881e-01	4.9854e-01	1.3487e-01	-1.3487e-01	8.1996e-02	6.4535e-01
0.117       	2.4944e-01	1.3970e-22	6.7772e-01	-3.3886e-01	-2.6203e-01	1.2472e-01	-2.1414e-01	4.6358e-01	1.2472e-01	-1.2472e-01	7.6831e-02	6.0089e-01
0.118       	2.3050e-01	1.2885e-22	6.3389e-01	-3.1695e-01	-2.4595e-01	1.1525e-01	-2.0170e-01	4.3220e-01	1.1525e-01	-1.1525e-01	7.0998e-02	5.6289e-01
0.119       	2.1649e-01	1.1340e-22	6.0367e-01	-3.0184e-01	-2.3648e-01	1.0824e-01	-1.9359e-01	4.1008e-01	1.0824e-01	-1.0824e-01	6.5354e-02	5.3832e-01
0.12        	2.1451e-01	1.1049e-22	6.0019e-01	-3.0010e-01	-2.3594e-01	1.0726e-01	-1.9284e-01	4.0735e-01	1.0726e-01	-1.0726e-01	6.4157e-02	5.3603e-01
0.121       	2.1355e-01	1.0595e-22	5.9924e-01	-2.9962e-01	-2.3906e-01	1.0678e-01	-1.9284e-01	4.0640e-01	1.0678e-01	-1.0678e-01	6.0556e-02	5.3869e-01
0.122       	2.1827e-01	1.0247e-22	6.0892e-01	-3.0446e-01	-2.4629e-01	1.0913e-01	-1.9533e-01	4.1359e-01	1.0913e-01	-1.0913e-01	5.8174e-02	5.5075e-01
0.123       	2.2677e-01	1.0589e-22	6.2342e-01	-3.1171e-01	-2.5408e-01	1.1338e-01	-1.9833e-01	4.2509e-01	1.1338e-01	-1.1338e-01	5.7628e-02	5.6579e-01
0.124       	2.2879e-01	1.0260e-22	6.2586e-01	-3.1293e-01	-2.5455e-01	1.1439e-01	-1.9854e-01	4.2732e-01	1.1439e-01	-1.1439e-01	5.8376e-02	5.6748e-01
0.125       	2.3265e-01	1.1063e-22	6.2035e-01	-3.1017e-01	-2.4759e-01	1.1632e-01	-1.9385e-01	4.2650e-01	1.1632e-01	-1.1632e-01	6.2582e-02	5.5777e-01
0.126       	2.3190e-01	1.1515e-22	6.0129e-01	-3.0064e-01	-2.3324e-01	1.1595e-01	-1.8469e-01	4.1659e-01	1.1595e-01	-1.1595e-01	6.7400e-02	5.3389e-01
0.127       	2.2682e-01	1.1612e-22	5.7236e-01	-2.8618e-01	-2.1415e-01	1.1341e-01	-1.7277e-01	3.9959e-01	1.1341e-01	-1.1341e-01	7.2028e-02	5.0033e-01
0.128       	2.2378e-01	1.1869e-22	5.6011e-01	-2.8005e-01	-2.0648e-01	1.1189e-01	-1.6816e-01	3.9194e-01	1.1189e-01	-1.1189e-01	7.3575e-02	4.8653e-01
0.129       	2.0749e-01	1.1927e-22	5.0317e-01	-2.5159e-01	-1.7098e-01	1.0375e-01	-1.4784e-01	3.5533e-01	1.0375e-01	-1.0375e-01	8.0606e-02	4.2257e-01
0.13        	1.8445e-01	1.2179e-22	4.2812e-01	-2.1406e-01	-1.2436e-01	9.2225e-02	-1.2184e-01	3.0628e-01	9.2225e-02	-9.2225e-02	8.9703e-02	3.3842e-01
0.131       	1.7728e-01	1.1981e-22	4.0559e-01	-2.0280e-01	-1.1047e-01	8.8640e-02	-1.1416e-01	2.9144e-01	8.8640e-02	-8.8640e-02	9.2327e-02	3.1327e-01
0.132       	1.4702e-01	1.2351e-22	3.1515e-01	-1.5758e-01	-5.3300e-02	7.3508e-02	-8.4069e-02	2.3109e-01	7.3508e-02	-7.3508e-02	1.0428e-01	2.1088e-01
0.133       	1.4013e-01	1.2348e-22	2.9513e-01	-1.4757e-01	-4.0399e-02	7.0066e-02	-7.7500e-02	2.1763e-01	7.0066e-02	-7.0066e-02	1.0717e-01	1.8797e-01
0.134       	1.1416e-01	1.2469e-22	2.2369e-01	-1.1185e-01	7.4905e-03	5.7081e-02	-5.4765e-02	1.6893e-01	5.7081e-02	-5.7081e-02	1.1934e-01	1.0436e-01
0.135       	1.0933e-01	1.2691e-22	2.1106e-01	-1.0553e-01	1.6373e-02	5.4667e-02	-5.0864e-02	1.6020e-01	5.4667e-02	-5.4667e-02	1.2190e-01	8.9159e-02
0.136       	9.3882e-02	1.2920e-22	1.7479e-01	-8.7393e-02	4.5282e-02	4.6941e-02	-4.0452e-02	1.3433e-01	4.6941e-02	-4.6941e-02	1.3267e-01	4.2110e-02
0.137       	9.2535e-02	1.3103e-22	1.7248e-01	-8.6241e-02	4.8018e-02	4.6268e-02	-3.9974e-02	1.3251e-01	4.6268e-02	-4.6268e-02	1.3426e-01	3.8224e-02
0.138       	9.2857e-02	1.3377e-22	1.7810e-01	-8.9049e-02	4.9875e-02	4.6429e-02	-4.2620e-02	1.3548e-01	4.6429e-02	-4.6429e-02	1.3892e-01	3.9174e-02
0.139       	9.3838e-02	1.3420e-22	1.8167e-01	-9.0835e-02	4.9091e-02	4.6919e-02	-4.3916e-02	1.3775e-01	4.6919e-02	-4.6919e-02	1.3993e-01	4.1744e-02
0.14        	9.7699e-02	1.4134e-22	1.9349e-01	-9.6746e-02	4.6434e-02	4.8850e-02	-4.7896e-02	1.4560e-01	4.8850e-02	-4.8850e-02	1.4318e-01	5.0312e-02
0.141       	1.0079e-01	1.5096e-22	2.0155e-01	-1.0078e-01	4.6345e-02	5.0397e-02	-5.0379e-02	1.5117e-01	5.0397e-02	-5.0397e-02	1.4712e-01	5.4431e-02
0.142       	1.0111e-01	1.5137e-22	2.0166e-01	-1.0083e-01	4.7681e-02	5.0556e-02	-5.0271e-02	1.5138e-01	5.0556e-02	-5.0556e-02	1.4851e-01	5.3146e-02
0.143       	9.7845e-02	1.5696e-22	1.8824e-01	-9.4118e-02	6.1893e-02	4.8922e-02	-4.5196e-02	1.4304e-01	4.8922e-02	-4.8922e-02	1.5601e-01	3.2225e-02
0.144       	9.6007e-02	1.5818e-22	1.8155e-01	-9.0776e-02	6.7719e-02	4.8004e-02	-4.2772e-02	1.3878e-01	4.8004e-02	-4.8004e-02	1.5849e-01	2.3056e-02
0.145       	8.1838e-02	1.6939e-22	1.3539e-01	-6.7697e-02	1.0407e-01	4.0919e-02	-2.6778e-02	1.0862e-01	4.0919e-02	-4.0919e-02	1.7177e-01	-3.6374e-02
0.146       	7.7479e-02	1.7305e-22	1.2157e-01	-6.0784e-02	1.1471e-01	3.8739e-02	-2.2044e-02	9.9523e-02	3.8739e-02	-3.8739e-02	1.7549e-01	-5.3927e-02
0.147       	5.7112e-02	1.8480e-22	6.1030e-02	-3.0515e-02	1.6033e-01	2.8556e-02	-1.9592e-03	5.9071e-02	2.8556e-02	-2.8556e-02	1.9084e-01	-1.2981e-01
0.148       	5.2371e-02	1.8438e-22	4.7614e-02	-2.3807e-02	1.7063e-01	2.6186e-02	2.3786e-03	4.9992e-02	2.6186e-02	-2.6186e-02	1.9443e-01	-1.4682e-01
0.149       	3.8768e-02	1.9462e-22	1.3580e-02	-6.7900e-03	1.9743e-01	1.9384e-02	1.2594e-02	2.6174e-02	1.9384e-02	-1.9384e-02	2.0422e-01	-1.9064e-01
0.15        	3.5912e-02	1.9253e-22	7.8546e-03	-3.9273e-03	2.0260e-01	1.7956e-02	1.4029e-02	2.1883e-02	1.7956e-02	-1.7956e-02	2.0652e-01	-1.9867e-01
0.151       	2.9266e-02	2.0217e-22	2.5552e-03	-1.2776e-03	2.1044e-01	1.4633e-02	1.3356e-02	1.5911e-02	1.4633e-02	-1.4633e-02	2.1172e-01	-2.0917e-01
0.152       	2.8806e-02	2.0301e-22	6.5058e-03	-3.2529e-03	2.0927e-01	1.4403e-02	1.1150e-02	1.7656e-02	1.4403e-02	-1.4403e-02	2.1252e-01	-2.0602e-01
0.153       	3.5987e-02	2.0792e-22	5.4564e-02	-2.7282e-02	1.8164e-01	1.7993e-02	-9.2889e-03	4.5275e-02	1.7993e-02	-1.7993e-02	2.0893e-01	-1.5436e-01
0.154       	3.8353e-02	2.0741e-22	6.7112e-02	-3.3556e-02	1.7408e-01	1.9177e-02	-1.4379e-02	5.2733e-02	1.9177e-02	-1.9177e-02	2.0763e-01	-1.4052e-01
0.155       	4.2498e-02	2.0915e-22	8.3986e-02	-4.1993e-02	1.6311e-01	2.1249e-02	-2.0744e-02	6.3242e-02	2.1249e-02	-2.1249e-02	2.0511e-01	-1.2112e-01
0.156       	7.0451e-02	2.1269e-22	1.7527e-01	-8.7636e-02	1.0200e-01	3.5226e-02	-5.2410e-02	1.2286e-01	3.5226e-02	-3.5226e-02	1.8963e-01	-1.4360e-02
0.157       	7.5332e-02	2.1341e-22	1.8949e-01	-9.4745e-02	9.1960e-02	3.7666e-02	-5.7079e-02	1.3241e-01	3.7666e-02	-3.7666e-02	1.8671e-01	2.7846e-03
0.158       	7.9498e-02	2.1497e-22	1.9966e-01	-9.9831e-02	8.4589e-02	3.9749e-02	-6.0082e-02	1.3958e-01	3.9749e-02	-3.9749e-02	1.8442e-01	1.5242e-02
0.159       	9.4031e-02	2.2324e-22	2.3288e-01	-1.1644e-01	6.3679e-02	4.7016e-02	-6.9425e-02	1.6346e-01	4.7016e-02	-4.7016e-02	1.8012e-01	5.2761e-02
0.16        	9.7343e-02	2.2653e-22	2.4007e-01	-1.2004e-01	5.9468e-02	4.8671e-02	-7.1365e-02	1.6871e-01	4.8671e-02	-4.8671e-02	1.7950e-01	6.0569e-02
0.161       	1.0919e-01	2.4330e-22	2.7029e-01	-1.3515e-01	4.6839e-02	5.4597e-02	-8.0550e-02	1.8974e-01	5.4597e-02	-5.4597e-02	1.8199e-01	8.8309e-02
0.162       	1.1109e-01	2.4906e-22	2.7610e-01	-1.3805e-01	4.4985e-02	5.5545e-02	-8.2503e-02	1.9359e-01	5.5545e-02	-5.5545e-02	1.8303e-01	9.3063e-02
0.163       	1.1225e-01	2.5294e-22	2.8221e-01	-1.4110e-01	4.3804e-02	5.6126e-02	-8.4977e-02	1.9723e-01	5.6126e-02	-5.6126e-02	1.8491e-01	9.7299e-02
0.164       	1.1657e-01	2.7382e-22	3.1711e-01	-1.5855e-01	3.5278e-02	5.8287e-02	-1.0027e-01	2.1684e-01	5.8287e-02	-5.8287e-02	1.9383e-01	1.2328e-01
0.165       	1.1650e-01	2.7537e-22	3.2186e-01	-1.6093e-01	3.4036e-02	5.8249e-02	-1.0268e-01	2.1918e-01	5.8249e-02	-5.8249e-02	1.9497e-01	1.2690e-01
0.166       	1.1780e-01	2.8072e-22	3.4816e-01	-1.7408e-01	2.1245e-02	5.8900e-02	-1.1518e-01	2.3298e-01	5.8900e-02	-5.8900e-02	1.9532e-01	1.5283e-01
0.167       	1.1792e-01	2.7701e-22	3.5191e-01	-1.7596e-01	1.8695e-02	5.8959e-02	-1.1700e-01	2.3492e-01	5.8959e-02	-5.8959e-02	1.9465e-01	1.5726e-01
0.168       	1.2149e-01	2.7659e-22	3.7405e-01	-1.8702e-01	1.4567e-03	6.0746e-02	-1.2628e-01	2.4777e-01	6.0746e-02	-6.0746e-02	1.8848e-01	1.8557e-01
0.169       	1.2324e-01	2.7715e-22	3.8135e-01	-1.9067e-01	-4.5372e-03	6.1618e-02	-1.2906e-01	2.5229e-01	6.1618e-02	-6.1618e-02	1.8614e-01	1.9521e-01
0.17        	1.2645e-01	2.7532e-22	3.9277e-01	-1.9639e-01	-1.3517e-02	6.3226e-02	-1.3316e-01	2.5961e-01	6.3226e-02	-6.3226e-02	1.8287e-01	2.0990e-01
0.171       	1.4559e-01	2.7409e-22	4.5632e-01	-2.2816e-01	-5.9738e-02	7.2794e-02	-1.5536e-01	3.0095e-01	7.2794e-02	-7.2794e-02	1.6842e-01	2.8790e-01
0.172       	1.5243e-01	2.7480e-22	4.7775e-01	-2.3887e-01	-7.4134e-02	7.6217e-02	-1.6266e-01	3.1509e-01	7.6217e-02	-7.6217e-02	1.6474e-01	3.1301e-01
0.173       	1.6079e-01	2.7754e-22	5.0340e-01	-2.5170e-01	-8.9924e-02	8.0395e-02	-1.7131e-01	3.3210e-01	8.0395e-02	-8.0395e-02	1.6178e-01	3.4163e-01
0.174       	1.9313e-01	2.9234e-22	6.0267e-01	-3.0134e-01	-1.4584e-01	9.6564e-02	-2.0477e-01	3.9790e-01	9.6564e-02	-9.6564e-02	1.5549e-01	4.4718e-01
0.175       	1.9745e-01	2.9312e-22	6.1608e-01	-3.0804e-01	-1.5261e-01	9.8723e-02	-2.0932e-01	4.0676e-01	9.8723e-02	-9.8723e-02	1.5543e-01	4.6065e-01
0.176       	2.0732e-01	3.0548e-22	6.4709e-01	-3.2354e-01	-1.6480e-01	1.0366e-01	-2.1988e-01	4.2721e-01	1.0366e-01	-1.0366e-01	1.5874e-01	4.8835e-01
0.177       	2.0784e-01	3.0556e-22	6.4921e-01	-3.2461e-01	-1.6460e-01	1.0392e-01	-2.2069e-01	4.2852e-01	1.0392e-01	-1.0392e-01	1.6000e-01	4.8921e-01
0.178       	2.0596e-01	3.1108e-22	6.4745e-01	-3.2372e-01	-1.5731e-01	1.0298e-01	-2.2074e-01	4.2670e-01	1.0298e-01	-1.0298e-01	1.6641e-01	4.8104e-01
0.179       	2.0453e-01	3.1031e-22	6.4504e-01	-3.2252e-01	-1.5406e-01	1.0227e-01	-2.2025e-01	4.2478e-01	1.0227e-01	-1.0227e-01	1.6845e-01	4.7658e-01
0.18        	2.0256e-01	3.1115e-22	6.4195e-01	-3.2098e-01	-1.5035e-01	1.0128e-01	-2.1969e-01	4.2226e-01	1.0128e-01	-1.0128e-01	1.7062e-01	4.7133e-01
0.181       	1.9769e-01	3.1189e-22	6.3730e-01	-3.1865e-01	-1.4122e-01	9.8845e-02	-2.1980e-01	4.1749e-01	9.8845e-02	-9.8845e-02	1.7743e-01	4.5987e-01
0.182       	1.9729e-01	3.1391e-22	6.3919e-01	-3.1959e-01	-1.4067e-01	9.8644e-02	-2.2095e-01	4.1824e-01	9.8644e-02	-9.8644e-02	1.7892e-01	4.6027e-01
0.183       	1.9823e-01	3.1758e-22	6.4477e-01	-3.2238e-01	-1.4270e-01	9.9115e-02	-2.2327e-01	4.2150e-01	9.9115e-02	-9.9115e-02	1.7968e-01	4.6508e-01
0.184       	2.0071e-01	3.2318e-22	6.5487e-01	-3.2744e-01	-1.4777e-01	1.0035e-01	-2.2708e-01	4.2779e-01	1.0035e-01	-1.0035e-01	1.7967e-01	4.7520e-01
0.185       	2.0506e-01	3.2940e-22	6.7058e-01	-3.3529e-01	-1.5654e-01	1.0253e-01	-2.3276e-01	4.3782e-01	1.0253e-01	-1.0253e-01	1.7875e-01	4.9183e-01
0.186       	2.2547e-01	3.4855e-22	7.3921e-01	-3.6960e-01	-1.9628e-01	1.1273e-01	-2.5687e-01	4.8234e-01	1.1273e-01	-1.1273e-01	1.7332e-01	5.6589e-01
0.187       	2.3040e-01	3.4995e-22	7.5562e-01	-3.7781e-01	-2.0588e-01	1.1520e-01	-2.6261e-01	4.9301e-01	1.1520e-01	-1.1520e-01	1.7193e-01	5.8369e-01
0.188       	2.3429e-01	3.5243e-22	7.6831e-01	-3.8416e-01	-2.1351e-01	1.1715e-01	-2.6701e-01	5.0130e-01	1.1715e-01	-1.1715e-01	1.7065e-01	5.9767e-01
0.189       	2.4700e-01	3.4906e-22	8.0941e-01	-4.0471e-01	-2.3841e-01	1.2350e-01	-2.8121e-01	5.2821e-01	1.2350e-01	-1.2350e-01	1.6630e-01	6.4311e-01
0.19        	2.4903e-01	3.4405e-22	8.1616e-01	-4.0808e-01	-2.4222e-01	1.2452e-01	-2.8356e-01	5.3260e-01	1.2452e-01	-1.2452e-01	1.6586e-01	6.5030e-01
0.191       	2.5031e-01	3.4266e-22	8.2081e-01	-4.1041e-01	-2.4441e-01	1.2516e-01	-2.8525e-01	5.3556e-01	1.2516e-01	-1.2516e-01	1.6600e-01	6.5481e-01
0.192       	2.5236e-01	3.3794e-22	8.3133e-01	-4.1566e-01	-2.4687e-01	1.2618e-01	-2.8949e-01	5.4184e-01	1.2618e-01	-1.2618e-01	1.6879e-01	6.6254e-01
0.193       	2.5264e-01	3.3687e-22	8.3422e-01	-4.1711e-01	-2.4668e-01	1.2632e-01	-2.9079e-01	5.4343e-01	1.2632e-01	-1.2632e-01	1.7043e-01	6.6379e-01
0.194       	2.5267e-01	3.3950e-22	8.3684e-01	-4.1842e-01	-2.4558e-01	1.2633e-01	-2.9208e-01	5.4475e-01	1.2633e-01	-1.2633e-01	1.7284e-01	6.6399e-01
0.195       	2.5296e-01	3.4748e-22	8.4658e-01	-4.2329e-01	-2.3963e-01	1.2648e-01	-2.9681e-01	5.4977e-01	1.2648e-01	-1.2648e-01	1.8366e-01	6.6293e-01
0.196       	2.5326e-01	3.5039e-22	8.4947e-01	-4.2474e-01	-2.3837e-01	1.2663e-01	-2.9811e-01	5.5137e-01	1.2663e-01	-1.2663e-01	1.8637e-01	6.6310e-01
0.197       	2.5379e-01	3.5446e-22	8.5217e-01	-4.2609e-01	-2.3753e-01	1.2689e-01	-2.9919e-01	5.5298e-01	1.2689e-01	-1.2689e-01	1.8855e-01	6.6362e-01
0.198       	2.5458e-01	3.5949e-22	8.5478e-01	-4.2739e-01	-2.3722e-01	1.2729e-01	-3.0010e-01	5.5468e-01	1.2729e-01	-1.2729e-01	1.9017e-01	6.6461e-01
0.199       	2.5657e-01	3.6334e-22	8.6098e-01	-4.3049e-01	-2.3656e-01	1.2828e-01	-3.0221e-01	5.5877e-01	1.2828e-01	-1.2828e-01	1.9393e-01	6.6705e-01
0.2         	2.5695e-01	3.6459e-22	8.6201e-01	-4.3101e-01	-2.3690e-01	1.2847e-01	-3.0253e-01	5.5948e-01	1.2847e-01	-1.2847e-01	1.9411e-01	6.6790e-01
0.201       	2.5712e-01	3.6083e-22	8.6228e-01	-4.3114e-01	-2.3760e-01	1.2856e-01	-3.0258e-01	5.5970e-01	1.2856e-01	-1.2856e-01	1.9354e-01	6.6874e-01
0.202       	2.5740e-01	3.5700e-22	8.6270e-01	-4.3135e-01	-2.3902e-01	1.2870e-01	-3.0265e-01	5.6005e-01	1.2870e-01	-1.2870e-01	1.9233e-01	6.7037e-01
0.203       	2.5808e-01	3.5395e-22	8.6428e-01	-4.3214e-01	-2.4156e-01	1.2904e-01	-3.0310e-01	5.6118e-01	1.2904e-01	-1.2904e-01	1.9058e-01	6.7370e-01
0.204       	2.6092e-01	3.3478e-22	8.7614e-01	-4.3807e-01	-2.5184e-01	1.3046e-01	-3.0761e-01	5.6853e-01	1.3046e-01	-1.3046e-01	1.8623e-01	6.8991e-01
0.205       	2.6249e-01	3.2980e-22	8.8271e-01	-4.4135e-01	-2.5558e-01	1.3124e-01	-3.1011e-01	5.7260e-01	1.3124e-01	-1.3124e-01	1.8578e-01	6.9693e-01
0.206       	2.6419e-01	3.2554e-22	8.9020e-01	-4.4510e-01	-2.5886e-01	1.3209e-01	-3.1301e-01	5.7720e-01	1.3209e-01	-1.3209e-01	1.8624e-01	7.0397e-01
0.207       	2.6615e-01	3.2251e-22	8.9860e-01	-4.4930e-01	-2.6196e-01	1.3308e-01	-3.1622e-01	5.8237e-01	1.3308e-01	-1.3308e-01	1.8733e-01	7.1126e-01
0.208       	2.6850e-01	3.2138e-22	9.0824e-01	-4.5412e-01	-2.6512e-01	1.3425e-01	-3.1987e-01	5.8837e-01	1.3425e-01	-1.3425e-01	1.8900e-01	7.1924e-01
0.209       	2.7103e-01	3.2163e-22	9.1861e-01	-4.5931e-01	-2.6807e-01	1.3551e-01	-3.2379e-01	5.9482e-01	1.3551e-01	-1.3551e-01	1.9124e-01	7.2738e-01
0.21        	2.7329e-01	3.1814e-22	9.2838e-01	-4.6419e-01	-2.7022e-01	1.3665e-01	-3.2754e-01	6.0084e-01	1.3665e-01	-1.3665e-01	1.9397e-01	7.3441e-01
0.211       	2.7470e-01	3.1430e-22	9.3542e-01	-4.6771e-01	-2.7085e-01	1.3735e-01	-3.3036e-01	6.0506e-01	1.3735e-01	-1.3735e-01	1.9686e-01	7.3856e-01
0.212       	2.7503e-01	3.0730e-22	9.3840e-01	-4.6920e-01	-2.6984e-01	1.3752e-01	-3.3168e-01	6.0672e-01	1.3752e-01	-1.3752e-01	1.9936e-01	7.3904e-01
0.213       	2.7462e-01	2.9963e-22	9.3768e-01	-4.6884e-01	-2.6791e-01	1.3731e-01	-3.3153e-01	6.0615e-01	1.3731e-01	-1.3731e-01	2.0093e-01	7.3675e-01
0.214       	2.7408e-01	2.9102e-22	9.3529e-01	-4.6765e-01	-2.6609e-01	1.3704e-01	-3.3061e-01	6.0468e-01	1.3704e-01	-1.3704e-01	2.0156e-01	7.3374e-01
0.215       	2.7379e-01	2.8323e-22	9.3284e-01	-4.6642e-01	-2.6491e-01	1.3689e-01	-3.2953e-01	6.0332e-01	1.3689e-01	-1.3689e-01	2.0152e-01	7.3133e-01
0.216       	2.7394e-01	2.7722e-22	9.3120e-01	-4.6560e-01	-2.6458e-01	1.3697e-01	-3.2863e-01	6.0257e-01	1.3697e-01	-1.3697e-01	2.0102e-01	7.3018e-01
0.217       	2.7518e-01	2.6207e-22	9.2675e-01	-4.6338e-01	-2.6522e-01	1.3759e-01	-3.2579e-01	6.0097e-01	1.3759e-01	-1.3759e-01	1.9816e-01	7.2859e-01
0.218       	2.7606e-01	2.6125e-22	9.2794e-01	-4.6397e-01	-2.6669e-01	1.3803e-01	-3.2594e-01	6.0200e-01	1.3803e-01	-1.3803e-01	1.9728e-01	7.3066e-01
0.219       	2.7724e-01	2.5777e-22	9.3100e-01	-4.6550e-01	-2.6916e-01	1.3862e-01	-3.2688e-01	6.0412e-01	1.3862e-01	-1.3862e-01	1.9634e-01	7.3466e-01
0.22        	2.7905e-01	2.5915e-22	9.3710e-01	-4.6855e-01	-2.7314e-01	1.3953e-01	-3.2902e-01	6.0808e-01	1.3953e-01	-1.3953e-01	1.9541e-01	7.4169e-01
0.221       	2.8173e-01	2.5702e-22	9.4707e-01	-4.7354e-01	-2.7898e-01	1.4086e-01	-3.3267e-01	6.1440e-01	1.4086e-01	-1.4086e-01	1.9455e-01	7.5252e-01
0.222       	2.9081e-01	2.4631e-22	9.8098e-01	-4.9049e-01	-2.9928e-01	1.4540e-01	-3.4509e-01	6.3589e-01	1.4540e-01	-1.4540e-01	1.9121e-01	7.8977e-01
0.223       	2.9403e-01	2.4232e-22	9.9242e-01	-4.9621e-01	-3.0595e-01	1.4702e-01	-3.4920e-01	6.4323e-01	1.4702e-01	-1.4702e-01	1.9026e-01	8.0217e-01
0.224       	2.9728e-01	2.3569e-22	1.0035e+00	-5.0176e-01	-3.1245e-01	1.4864e-01	-3.5312e-01	6.5040e-01	1.4864e-01	-1.4864e-01	1.8931e-01	8.1420e-01
0.225       	3.0505e-01	2.1909e-22	1.0292e+00	-5.1461e-01	-3.2843e-01	1.5253e-01	-3.6208e-01	6.6713e-01	1.5253e-01	-1.5253e-01	1.8618e-01	8.4304e-01
0.226       	3.0630e-01	2.1587e-22	1.0335e+00	-5.1675e-01	-3.3068e-01	1.5315e-01	-3.6360e-01	6.6990e-01	1.5315e-01	-1.5315e-01	1.8607e-01	8.4742e-01
0.227       	3.0692e-01	2.1430e-22	1.0358e+00	-5.1788e-01	-3.3159e-01	1.5346e-01	-3.6442e-01	6.7134e-01	1.5346e-01	-1.5346e-01	1.8629e-01	8.4947e-01
0.228       	3.0734e-01	2.1477e-22	1.0373e+00	-5.1867e-01	-3.3190e-01	1.5367e-01	-3.6500e-01	6.7234e-01	1.5367e-01	-1.5367e-01	1.8677e-01	8.5057e-01
0.229       	3.0796e-01	2.1311e-22	1.0391e+00	-5.1957e-01	-3.3235e-01	1.5398e-01	-3.6559e-01	6.7355e-01	1.5398e-01	-1.5398e-01	1.8723e-01	8.5192e-01
0.23        	3.1133e-01	2.0630e-22	1.0433e+00	-5.2167e-01	-3.3692e-01	1.5566e-01	-3.6601e-01	6.7733e-01	1.5566e-01	-1.5566e-01	1.8475e-01	8.5860e-01
0.231       	3.1391e-01	2.0382e-22	1.0486e+00	-5.2430e-01	-3.4096e-01	1.5695e-01	-3.6735e-01	6.8126e-01	1.5695e-01	-1.5695e-01	1.8335e-01	8.6526e-01
0.232       	3.1712e-01	1.9743e-22	1.0558e+00	-5.2792e-01	-3.4649e-01	1.5856e-01	-3.6936e-01	6.8648e-01	1.5856e-01	-1.5856e-01	1.8143e-01	8.7441e-01
0.233       	3.2042e-01	1.9512e-22	1.0645e+00	-5.3225e-01	-3.5248e-01	1.6021e-01	-3.7204e-01	6.9246e-01	1.6021e-01	-1.6021e-01	1.7977e-01	8.8473e-01
0.234       	3.3145e-01	1.9656e-22	1.0957e+00	-5.4784e-01	-3.7471e-01	1.6572e-01	-3.8211e-01	7.1356e-01	1.6572e-01	-1.6572e-01	1.7313e-01	9.2255e-01
0.235       	3.3391e-01	1.9412e-22	1.1040e+00	-5.5200e-01	-3.7995e-01	1.6695e-01	-3.8505e-01	7.1896e-01	1.6695e-01	-1.6695e-01	1.7205e-01	9.3195e-01
0.236       	3.3627e-01	1.9780e-22	1.1130e+00	-5.5652e-01	-3.8559e-01	1.6814e-01	-3.8839e-01	7.2466e-01	1.6814e-01	-1.6814e-01	1.7093e-01	9.4212e-01
0.237       	3.4480e-01	1.9746e-22	1.1431e+00	-5.7156e-01	-4.0625e-01	1.7240e-01	-3.9917e-01	7.4396e-01	1.7240e-01	-1.7240e-01	1.6531e-01	9.7782e-01
0.238       	3.4739e-01	1.9778e-22	1.1523e+00	-5.7613e-01	-4.1234e-01	1.7370e-01	-4.0243e-01	7.4982e-01	1.7370e-01	-1.7370e-01	1.6379e-01	9.8847e-01
0.239       	3.4972e-01	1.9769e-22	1.1600e+00	-5.8001e-01	-4.1758e-01	1.7486e-01	-4.0515e-01	7.5487e-01	1.7486e-01	-1.7486e-01	1.6243e-01	9.9759e-01
0.24        	3.5175e-01	1.9684e-22	1.1668e+00	-5.8339e-01	-4.2204e-01	1.7588e-01	-4.0751e-01	7.5926e-01	1.7588e-01	-1.7588e-01	1.6135e-01	1.0054e+00
0.241       	3.5985e-01	1.8956e-22	1.1891e+00	-5.9453e-01	-4.3791e-01	1.7993e-01	-4.1461e-01	7.7446e-01	1.7993e-01	-1.7993e-01	1.5663e-01	1.0324e+00
0.242       	3.6128e-01	1.9444e-22	1.1930e+00	-5.9650e-01	-4.4074e-01	1.8064e-01	-4.1586e-01	7.7714e-01	1.8064e-01	-1.8064e-01	1.5576e-01	1.0372e+00
0.243       	3.6256e-01	1.9485e-22	1.1961e+00	-5.9803e-01	-4.4324e-01	1.8128e-01	-4.1675e-01	7.7931e-01	1.8128e-01	-1.8128e-01	1.5479e-01	1.0413e+00
0.244       	3.6395e-01	1.9437e-22	1.1992e+00	-5.9960e-01	-4.4605e-01	1.8198e-01	-4.1762e-01	7.8158e-01	1.8198e-01	-1.8198e-01	1.5355e-01	1.0457e+00
0.245       	3.7320e-01	2.0033e-22	1.2192e+00	-6.0960e-01	-4.6229e-01	1.8660e-01	-4.2300e-01	7.9620e-01	1.8660e-01	-1.8660e-01	1.4731e-01	1.0719e+00
0.246       	3.7552e-01	2.0086e-22	1.2245e+00	-6.1226e-01	-4.6691e-01	1.8776e-01	-4.2450e-01	8.0002e-01	1.8776e-01	-1.8776e-01	1.4535e-01	1.0792e+00
0.247       	3.7825e-01	1.9081e-22	1.2314e+00	-6.1568e-01	-4.7246e-01	1.8912e-01	-4.2655e-01	8.0480e-01	1.8912e-01	-1.8912e-01	1.4321e-01	1.0881e+00
0.248       	3.8145e-01	1.9348e-22	1.2402e+00	-6.2011e-01	-4.7924e-01	1.9072e-01	-4.2939e-01	8.1084e-01	1.9072e-01	-1.9072e-01	1.4087e-01	1.0993e+00
0.249       	3.9634e-01	1.9922e-22	1.2810e+00	-6.4051e-01	-5.0851e-01	1.9817e-01	-4.4234e-01	8.3868e-01	1.9817e-01	-1.9817e-01	1.3200e-01	1.1490e+00
0.25        	3.9928e-01	1.9922e-22	1.2899e+00	-6.4494e-01	-5.1527e-01	1.9964e-01	-4.4530e-01	8.4458e-01	1.9964e-01	-1.9964e-01	1.2966e-01	1.1602e+00
0.251       	4.0181e-01	2.0440e-22	1.2979e+00	-6.4897e-01	-5.2134e-01	2.0091e-01	-4.4806e-01	8.4988e-01	2.0091e-01	-2.0091e-01	1.2763e-01	1.1703e+00
0.252       	4.0415e-01	2.1758e-22	1.3059e+00	-6.5297e-01	-5.2711e-01	2.0208e-01	-4.5090e-01	8.5505e-01	2.0208e-01	-2.0208e-01	1.2586e-01	1.1801e+00
0.253       	4.1174e-01	2.1739e-22	1.3300e+00	-6.6498e-01	-5.4418e-01	2.0587e-01	-4.5911e-01	8.7085e-01	2.0587e-01	-2.0587e-01	1.2080e-01	1.2092e+00
0.254       	4.1389e-01	2.1977e-22	1.3369e+00	-6.6845e-01	-5.4931e-01	2.0695e-01	-4.6151e-01	8.7540e-01	2.0695e-01	-2.0695e-01	1.1914e-01	1.2178e+00
0.255       	4.1608e-01	2.1978e-22	1.3435e+00	-6.7175e-01	-5.5431e-01	2.0804e-01	-4.6371e-01	8.7979e-01	2.0804e-01	-2.0804e-01	1.1744e-01	1.2261e+00
0.256       	4.2372e-01	2.2624e-22	1.3640e+00	-6.8200e-01	-5.6995e-01	2.1186e-01	-4.7014e-01	8.9386e-01	2.1186e-01	-2.1186e-01	1.1205e-01	1.2519e+00
0.257       	4.2609e-01	2.2280e-22	1.3702e+00	-6.8511e-01	-5.7465e-01	2.1305e-01	-4.7206e-01	8.9815e-01	2.1305e-01	-2.1305e-01	1.1046e-01	1.2598e+00
0.258       	4.2864e-01	2.2319e-22	1.3768e+00	-6.8839e-01	-5.7946e-01	2.1432e-01	-4.7407e-01	9.0271e-01	2.1432e-01	-2.1432e-01	1.0893e-01	1.2678e+00
0.259       	4.3654e-01	2.3020e-22	1.3963e+00	-6.9813e-01	-5.9380e-01	2.1827e-01	-4.7986e-01	9.1640e-01	2.1827e-01	-2.1827e-01	1.0433e-01	1.2919e+00
0.26        	4.3945e-01	2.3397e-22	1.4039e+00	-7.0195e-01	-5.9907e-01	2.1972e-01	-4.8223e-01	9.2168e-01	2.1972e-01	-2.1972e-01	1.0288e-01	1.3010e+00
0.261       	4.4242e-01	2.3296e-22	1.4121e+00	-7.0603e-01	-6.0462e-01	2.2121e-01	-4.8482e-01	9.2724e-01	2.2121e-01	-2.2121e-01	1.0141e-01	1.3107e+00
0.262       	4.4987e-01	2.4245e-22	1.4323e+00	-7.1617e-01	-6.1946e-01	2.2494e-01	-4.9124e-01	9.4111e-01	2.2494e-01	-2.2494e-01	9.6708e-02	1.3356e+00
0.263       	4.5235e-01	2.4506e-22	1.4396e+00	-7.1982e-01	-6.2469e-01	2.2617e-01	-4.9364e-01	9.4599e-01	2.2617e-01	-2.2617e-01	9.5125e-02	1.3445e+00
0.264       	4.5457e-01	2.5126e-22	1.4465e+00	-7.2327e-01	-6.2978e-01	2.2729e-01	-4.9598e-01	9.5056e-01	2.2729e-01	-2.2729e-01	9.3485e-02	1.3531e+00
0.265       	4.5995e-01	2.5072e-22	1.4631e+00	-7.3154e-01	-6.4289e-01	2.2998e-01	-5.0156e-01	9.6151e-01	2.2998e-01	-2.2998e-01	8.8650e-02	1.3744e+00
0.266       	4.6191e-01	2.5058e-22	1.4694e+00	-7.3471e-01	-6.4766e-01	2.3095e-01	-5.0376e-01	9.6566e-01	2.3095e-01	-2.3095e-01	8.7046e-02	1.3824e+00
0.267       	4.6677e-01	2.5198e-22	1.4844e+00	-7.4219e-01	-6.5945e-01	2.3339e-01	-5.0880e-01	9.7558e-01	2.3339e-01	-2.3339e-01	8.2736e-02	1.4016e+00
0.268       	4.6854e-01	2.5367e-22	1.4898e+00	-7.4491e-01	-6.6343e-01	2.3427e-01	-5.1064e-01	9.7918e-01	2.3427e-01	-2.3427e-01	8.1482e-02	1.4083e+00
0.269       	4.7279e-01	2.6022e-22	1.5019e+00	-7.5097e-01	-6.7250e-01	2.3639e-01	-5.1457e-01	9.8736e-01	2.3639e-01	-2.3639e-01	7.8462e-02	1.4235e+00
0.27        	4.7433e-01	2.6151e-22	1.5063e+00	-7.5313e-01	-6.7560e-01	2.3717e-01	-5.1596e-01	9.9030e-01	2.3717e-01	-2.3717e-01	7.7530e-02	1.4287e+00
0.271       	4.7769e-01	2.6275e-22	1.5150e+00	-7.5750e-01	-6.8202e-01	2.3884e-01	-5.1866e-01	9.9635e-01	2.3884e-01	-2.3884e-01	7.5481e-02	1.4395e+00
0.272       	4.7896e-01	2.7248e-22	1.5182e+00	-7.5912e-01	-6.8445e-01	2.3948e-01	-5.1964e-01	9.9860e-01	2.3948e-01	-2.3948e-01	7.4674e-02	1.4436e+00
0.273       	4.8162e-01	2.6897e-22	1.5242e+00	-7.6212e-01	-6.8921e-01	2.4081e-01	-5.2131e-01	1.0029e+00	2.4081e-01	-2.4081e-01	7.2907e-02	1.4513e+00
0.274       	4.8261e-01	2.7317e-22	1.5263e+00	-7.6314e-01	-6.9112e-01	2.4130e-01	-5.2183e-01	1.0044e+00	2.4130e-01	-2.4130e-01	7.2012e-02	1.4543e+00
0.275       	4.8446e-01	2.8450e-22	1.5294e+00	-7.6471e-01	-6.9450e-01	2.4223e-01	-5.2248e-01	1.0069e+00	2.4223e-01	-2.4223e-01	7.0212e-02	1.4592e+00
0.276       	4.8508e-01	2.8869e-22	1.5302e+00	-7.6512e-01	-6.9590e-01	2.4254e-01	-5.2258e-01	1.0077e+00	2.4254e-01	-2.4254e-01	6.9219e-02	1.4610e+00
0.277       	4.8592e-01	2.9327e-22	1.5308e+00	-7.6541e-01	-6.9776e-01	2.4296e-01	-5.2245e-01	1.0084e+00	2.4296e-01	-2.4296e-01	6.7653e-02	1.4632e+00
0.278       	4.8639e-01	2.9716e-22	1.5307e+00	-7.6535e-01	-6.9884e-01	2.4319e-01	-5.2215e-01	1.0085e+00	2.4319e-01	-2.4319e-01	6.6511e-02	1.4642e+00
0.279       	4.8645e-01	2.9328e-22	1.5301e+00	-7.6506e-01	-6.9919e-01	2.4322e-01	-5.2183e-01	1.0083e+00	2.4322e-01	-2.4322e-01	6.5861e-02	1.4643e+00
0.28        	4.8579e-01	2.9466e-22	1.5276e+00	-7.6382e-01	-6.9798e-01	2.4289e-01	-5.2093e-01	1.0067e+00	2.4289e-01	-2.4289e-01	6.5848e-02	1.4618e+00
0.281       	4.8473e-01	3.0244e-22	1.5240e+00	-7.6202e-01	-6.9573e-01	2.4237e-01	-5.1966e-01	1.0044e+00	2.4237e-01	-2.4237e-01	6.6296e-02	1.4578e+00
0.282       	4.8426e-01	3.0824e-22	1.5218e+00	-7.6092e-01	-6.9489e-01	2.4213e-01	-5.1878e-01	1.0030e+00	2.4213e-01	-2.4213e-01	6.6029e-02	1.4558e+00
0.283       	4.8216e-01	3.1678e-22	1.5140e+00	-7.5700e-01	-6.8988e-01	2.4108e-01	-5.1592e-01	9.9808e-01	2.4108e-01	-2.4108e-01	6.7122e-02	1.4469e+00
0.284       	4.8001e-01	3.1215e-22	1.5049e+00	-7.5244e-01	-6.8422e-01	2.4001e-01	-5.1243e-01	9.9244e-01	2.4001e-01	-2.4001e-01	6.8220e-02	1.4367e+00
0.285       	4.7933e-01	3.0792e-22	1.5011e+00	-7.5054e-01	-6.8257e-01	2.3966e-01	-5.1087e-01	9.9020e-01	2.3966e-01	-2.3966e-01	6.7963e-02	1.4331e+00
0.286       	4.7650e-01	3.0231e-22	1.4882e+00	-7.4408e-01	-6.7531e-01	2.3825e-01	-5.0583e-01	9.8233e-01	2.3825e-01	-2.3825e-01	6.8769e-02	1.4194e+00
0.287       	4.7349e-01	3.0464e-22	1.4745e+00	-7.3726e-01	-6.6754e-01	2.3675e-01	-5.0052e-01	9.7401e-01	2.3675e-01	-2.3675e-01	6.9728e-02	1.4048e+00
0.288       	4.7043e-01	3.0254e-22	1.4611e+00	-7.3056e-01	-6.5960e-01	2.3522e-01	-4.9534e-01	9.6577e-01	2.3522e-01	-2.3522e-01	7.0956e-02	1.3902e+00
0.289       	4.6920e-01	3.0644e-22	1.4561e+00	-7.2806e-01	-6.5684e-01	2.3460e-01	-4.9346e-01	9.6267e-01	2.3460e-01	-2.3460e-01	7.1220e-02	1.3849e+00
0.29        	4.6443e-01	3.0198e-22	1.4386e+00	-7.1931e-01	-6.4588e-01	2.3221e-01	-4.8710e-01	9.5153e-01	2.3221e-01	-2.3221e-01	7.3438e-02	1.3652e+00
0.291       	4.5876e-01	3.0698e-22	1.4180e+00	-7.0900e-01	-6.3268e-01	2.2938e-01	-4.7962e-01	9.3838e-01	2.2938e-01	-2.2938e-01	7.6317e-02	1.3417e+00
0.292       	4.5273e-01	3.1602e-22	1.3955e+00	-6.9773e-01	-6.1810e-01	2.2636e-01	-4.7137e-01	9.2409e-01	2.2636e-01	-2.2636e-01	7.9630e-02	1.3158e+00
0.293       	4.5055e-01	3.1767e-22	1.3876e+00	-6.9379e-01	-6.1325e-01	2.2527e-01	-4.6852e-01	9.1907e-01	2.2527e-01	-2.2527e-01	8.0542e-02	1.3070e+00
0.294       	4.4376e-01	3.1295e-22	1.3616e+00	-6.8079e-01	-5.9686e-01	2.2188e-01	-4.5891e-01	9.0267e-01	2.2188e-01	-2.2188e-01	8.3935e-02	1.2776e+00
0.295       	4.3696e-01	3.1113e-22	1.3353e+00	-6.6763e-01	-5.8019e-01	2.1848e-01	-4.4915e-01	8.8611e-01	2.1848e-01	-2.1848e-01	8.7440e-02	1.2478e+00
0.296       	4.3035e-01	3.1385e-22	1.3096e+00	-6.5482e-01	-5.6380e-01	2.1517e-01	-4.3965e-01	8.7000e-01	2.1517e-01	-2.1517e-01	9.1026e-02	1.2186e+00
0.297       	4.2408e-01	3.1654e-22	1.2858e+00	-6.4289e-01	-5.4841e-01	2.1204e-01	-4.3085e-01	8.5493e-01	2.1204e-01	-2.1204e-01	9.4483e-02	1.1913e+00
0.298       	4.1801e-01	3.1432e-22	1.2633e+00	-6.3164e-01	-5.3396e-01	2.0901e-01	-4.2263e-01	8.4064e-01	2.0901e-01	-2.0901e-01	9.7673e-02	1.1656e+00
0.299       	4.1160e-01	3.1797e-22	1.2398e+00	-6.1988e-01	-5.1910e-01	2.0580e-01	-4.1408e-01	8.2568e-01	2.0580e-01	-2.0580e-01	1.0077e-01	1.1390e+00
0.3         	4.0423e-01	3.1959e-22	1.2126e+00	-6.0632e-01	-5.0218e-01	2.0211e-01	-4.0421e-01	8.0844e-01	2.0211e-01	-2.0211e-01	1.0415e-01	1.1085e+00
0.301       	3.9575e-01	3.1213e-22	1.1812e+00	-5.9058e-01	-4.8254e-01	1.9788e-01	-3.9271e-01	7.8846e-01	1.9788e-01	-1.9788e-01	1.0804e-01	1.0731e+00
0.302       	3.8651e-01	3.1392e-22	1.1466e+00	-5.7329e-01	-4.6083e-01	1.9326e-01	-3.8003e-01	7.6654e-01	1.9326e-01	-1.9326e-01	1.1246e-01	1.0341e+00
0.303       	3.7735e-01	3.1840e-22	1.1120e+00	-5.5600e-01	-4.3905e-01	1.8867e-01	-3.6732e-01	7.4467e-01	1.8867e-01	-1.8867e-01	1.1695e-01	9.9505e-01
0.304       	3.6903e-01	3.1769e-22	1.0803e+00	-5.4014e-01	-4.1922e-01	1.8452e-01	-3.5562e-01	7.2465e-01	1.8452e-01	-1.8452e-01	1.2091e-01	9.5936e-01
0.305       	3.6145e-01	3.1910e-22	1.0510e+00	-5.2548e-01	-4.0120e-01	1.8072e-01	-3.4476e-01	7.0620e-01	1.8072e-01	-1.8072e-01	1.2428e-01	9.2668e-01
0.306       	3.5385e-01	3.1418e-22	1.0213e+00	-5.1067e-01	-3.8328e-01	1.7693e-01	-3.3374e-01	6.8759e-01	1.7693e-01	-1.7693e-01	1.2739e-01	8.9395e-01
0.307       	3.4570e-01	3.1090e-22	9.8935e-01	-4.9467e-01	-3.6412e-01	1.7285e-01	-3.2183e-01	6.6752e-01	1.7285e-01	-1.7285e-01	1.3055e-01	8.5880e-01
0.308       	3.3681e-01	3.0927e-22	9.5439e-01	-4.7720e-01	-3.4327e-01	1.6841e-01	-3.0879e-01	6.4560e-01	1.6841e-01	-1.6841e-01	1.3392e-01	8.2047e-01
0.309       	3.2750e-01	3.0871e-22	9.1765e-01	-4.5883e-01	-3.2138e-01	1.6375e-01	-2.9507e-01	6.2258e-01	1.6375e-01	-1.6375e-01	1.3744e-01	7.8021e-01
0.31        	3.1842e-01	3.1126e-22	8.8148e-01	-4.4074e-01	-2.9991e-01	1.5921e-01	-2.8153e-01	5.9995e-01	1.5921e-01	-1.5921e-01	1.4082e-01	7.4065e-01
0.311       	3.0996e-01	3.0763e-22	8.4724e-01	-4.2362e-01	-2.7978e-01	1.5498e-01	-2.6864e-01	5.7860e-01	1.5498e-01	-1.5498e-01	1.4384e-01	7.0340e-01
0.312       	3.0198e-01	3.0104e-22	8.1432e-01	-4.0716e-01	-2.6068e-01	1.5099e-01	-2.5617e-01	5.5815e-01	1.5099e-01	-1.5099e-01	1.4649e-01	6.6784e-01
0.313       	2.9412e-01	2.9764e-22	7.8144e-01	-3.9072e-01	-2.4185e-01	1.4706e-01	-2.4366e-01	5.3778e-01	1.4706e-01	-1.4706e-01	1.4887e-01	6.3256e-01
0.314       	2.8613e-01	2.9533e-22	7.4781e-01	-3.7391e-01	-2.2279e-01	1.4306e-01	-2.3084e-01	5.1697e-01	1.4306e-01	-1.4306e-01	1.5112e-01	5.9669e-01
0.315       	2.7804e-01	2.8801e-22	7.1374e-01	-3.5687e-01	-2.0362e-01	1.3902e-01	-2.1785e-01	4.9589e-01	1.3902e-01	-1.3902e-01	1.5325e-01	5.6049e-01
0.316       	2.7013e-01	2.8304e-22	6.8027e-01	-3.4013e-01	-1.8492e-01	1.3506e-01	-2.0507e-01	4.7520e-01	1.3506e-01	-1.3506e-01	1.5521e-01	5.2506e-01
0.317       	2.6269e-01	2.8103e-22	6.4846e-01	-3.2423e-01	-1.6729e-01	1.3134e-01	-1.9289e-01	4.5557e-01	1.3134e-01	-1.3134e-01	1.5694e-01	4.9152e-01
0.318       	2.5576e-01	2.7673e-22	6.1829e-01	-3.0915e-01	-1.5076e-01	1.2788e-01	-1.8127e-01	4.3703e-01	1.2788e-01	-1.2788e-01	1.5838e-01	4.5991e-01
0.319       	2.4920e-01	2.6999e-22	5.8905e-01	-2.9452e-01	-1.3498e-01	1.2460e-01	-1.6992e-01	4.1913e-01	1.2460e-01	-1.2460e-01	1.5955e-01	4.2950e-01
0.32        	2.4304e-01	2.5404e-22	5.6071e-01	-2.8036e-01	-1.1992e-01	1.2152e-01	-1.5884e-01	4.0188e-01	1.2152e-01	-1.2152e-01	1.6044e-01	4.0028e-01
0.321       	2.3740e-01	2.4973e-22	5.3375e-01	-2.6688e-01	-1.0582e-01	1.1870e-01	-1.4818e-01	3.8558e-01	1.1870e-01	-1.1870e-01	1.6106e-01	3.7270e-01
0.322       	2.3227e-01	2.4536e-22	5.0841e-01	-2.5421e-01	-9.2765e-02	1.1614e-01	-1.3807e-01	3.7034e-01	1.1614e-01	-1.1614e-01	1.6144e-01	3.4697e-01
0.323       	2.2769e-01	2.3998e-22	4.8492e-01	-2.4246e-01	-8.0842e-02	1.1384e-01	-1.2862e-01	3.5630e-01	1.1384e-01	-1.1384e-01	1.6162e-01	3.2330e-01
0.324       	2.2361e-01	2.3329e-22	4.6323e-01	-2.3161e-01	-7.0028e-02	1.1181e-01	-1.1981e-01	3.4342e-01	1.1181e-01	-1.1181e-01	1.6158e-01	3.0164e-01
0.325       	2.2008e-01	2.3480e-22	4.4349e-01	-2.2175e-01	-6.0411e-02	1.1004e-01	-1.1171e-01	3.3179e-01	1.1004e-01	-1.1004e-01	1.6134e-01	2.8216e-01
0.326       	2.1727e-01	2.2992e-22	4.2633e-01	-2.1316e-01	-5.2405e-02	1.0863e-01	-1.0453e-01	3.2180e-01	1.0863e-01	-1.0863e-01	1.6076e-01	2.6557e-01
0.327       	2.1535e-01	2.2575e-22	4.1221e-01	-2.0610e-01	-4.6351e-02	1.0768e-01	-9.8427e-02	3.1378e-01	1.0768e-01	-1.0768e-01	1.5975e-01	2.5245e-01
0.328       	2.1454e-01	2.1651e-22	4.0163e-01	-2.0082e-01	-4.2598e-02	1.0727e-01	-9.3546e-02	3.0809e-01	1.0727e-01	-1.0727e-01	1.5822e-01	2.4341e-01
0.329       	2.1476e-01	2.1281e-22	3.9444e-01	-1.9722e-01	-4.0978e-02	1.0738e-01	-8.9839e-02	3.0460e-01	1.0738e-01	-1.0738e-01	1.5624e-01	2.3820e-01
0.33        	2.1589e-01	2.1062e-22	3.9031e-01	-1.9516e-01	-4.1219e-02	1.0794e-01	-8.7213e-02	3.0310e-01	1.0794e-01	-1.0794e-01	1.5394e-01	2.3637e-01
0.331       	2.1772e-01	2.0720e-22	3.8893e-01	-1.9446e-01	-4.3031e-02	1.0886e-01	-8.5602e-02	3.0333e-01	1.0886e-01	-1.0886e-01	1.5143e-01	2.3750e-01
0.332       	2.2009e-01	2.0815e-22	3.9020e-01	-1.9510e-01	-4.6165e-02	1.1005e-01	-8.5055e-02	3.0515e-01	1.1005e-01	-1.1005e-01	1.4894e-01	2.4127e-01
0.333       	2.2301e-01	2.0488e-22	3.9434e-01	-1.9717e-01	-5.0675e-02	1.1150e-01	-8.5667e-02	3.0868e-01	1.1150e-01	-1.1150e-01	1.4650e-01	2.4785e-01
0.334       	2.2646e-01	2.0378e-22	4.0140e-01	-2.0070e-01	-5.6533e-02	1.1323e-01	-8.7472e-02	3.1393e-01	1.1323e-01	-1.1323e-01	1.4417e-01	2.5723e-01
0.335       	2.3035e-01	2.0231e-22	4.1089e-01	-2.0544e-01	-6.3613e-02	1.1517e-01	-9.0269e-02	3.2062e-01	1.1517e-01	-1.1517e-01	1.4183e-01	2.6906e-01
0.336       	2.3465e-01	2.0537e-22	4.2238e-01	-2.1119e-01	-7.1943e-02	1.1733e-01	-9.3867e-02	3.2852e-01	1.1733e-01	-1.1733e-01	1.3925e-01	2.8314e-01
0.337       	2.3922e-01	2.0490e-22	4.3524e-01	-2.1762e-01	-8.1359e-02	1.1961e-01	-9.8010e-02	3.3723e-01	1.1961e-01	-1.1961e-01	1.3626e-01	2.9898e-01
0.338       	2.4390e-01	2.0515e-22	4.4873e-01	-2.2437e-01	-9.1598e-02	1.2195e-01	-1.0242e-01	3.4632e-01	1.2195e-01	-1.2195e-01	1.3277e-01	3.1596e-01
0.339       	2.4869e-01	2.0469e-22	4.6264e-01	-2.3132e-01	-1.0258e-01	1.2435e-01	-1.0697e-01	3.5567e-01	1.2435e-01	-1.2435e-01	1.2874e-01	3.3391e-01
0.34        	2.5379e-01	2.0393e-22	4.7731e-01	-2.3865e-01	-1.1458e-01	1.2690e-01	-1.1176e-01	3.6555e-01	1.2690e-01	-1.2690e-01	1.2407e-01	3.5324e-01
0.341       	2.5549e-01	2.0344e-22	4.8141e-01	-2.4071e-01	-1.1852e-01	1.2775e-01	-1.1296e-01	3.6845e-01	1.2775e-01	-1.2775e-01	1.2219e-01	3.5923e-01
0.342       	2.6305e-01	1.9718e-22	5.0221e-01	-2.5110e-01	-1.3632e-01	1.3153e-01	-1.1958e-01	3.8263e-01	1.3153e-01	-1.3153e-01	1.1479e-01	3.8742e-01
0.343       	2.7269e-01	1.9170e-22	5.2929e-01	-2.6464e-01	-1.5899e-01	1.3635e-01	-1.2830e-01	4.0099e-01	1.3635e-01	-1.3635e-01	1.0566e-01	4.2363e-01
0.344       	2.7596e-01	1.9151e-22	5.3769e-01	-2.6885e-01	-1.6643e-01	1.3798e-01	-1.3086e-01	4.0683e-01	1.3798e-01	-1.3798e-01	1.0241e-01	4.3528e-01
0.345       	2.8734e-01	1.8552e-22	5.7065e-01	-2.8532e-01	-1.9357e-01	1.4367e-01	-1.4165e-01	4.2899e-01	1.4367e-01	-1.4367e-01	9.1751e-02	4.7890e-01
0.346       	2.9067e-01	1.8164e-22	5.8010e-01	-2.9005e-01	-2.0143e-01	1.4533e-01	-1.4472e-01	4.3538e-01	1.4533e-01	-1.4533e-01	8.8617e-02	4.9148e-01
0.347       	3.0293e-01	1.7685e-22	6.1569e-01	-3.0784e-01	-2.3050e-01	1.5147e-01	-1.5638e-01	4.5931e-01	1.5147e-01	-1.5147e-01	7.7347e-02	5.3834e-01
0.348       	3.1746e-01	1.7193e-22	6.5752e-01	-3.2876e-01	-2.6400e-01	1.5873e-01	-1.7003e-01	4.8749e-01	1.5873e-01	-1.5873e-01	6.4762e-02	5.9276e-01
0.349       	3.2154e-01	1.7043e-22	6.6946e-01	-3.3473e-01	-2.7352e-01	1.6077e-01	-1.7396e-01	4.9550e-01	1.6077e-01	-1.6077e-01	6.1206e-02	6.0826e-01
0.35        	3.2590e-01	1.7104e-22	6.8205e-01	-3.4102e-01	-2.8384e-01	1.6295e-01	-1.7808e-01	5.0397e-01	1.6295e-01	-1.6295e-01	5.7188e-02	6.2486e-01
0.351       	3.4265e-01	1.6336e-22	7.2626e-01	-3.6313e-01	-3.2136e-01	1.7133e-01	-1.9180e-01	5.3445e-01	1.7133e-01	-1.7133e-01	4.1763e-02	6.8449e-01
0.352       	3.5989e-01	1.5383e-22	7.7110e-01	-3.8555e-01	-3.5997e-01	1.7994e-01	-2.0561e-01	5.6549e-01	1.7994e-01	-1.7994e-01	2.5583e-02	7.4552e-01
0.353       	3.6376e-01	1.5083e-22	7.8171e-01	-3.9085e-01	-3.6898e-01	1.8188e-01	-2.0898e-01	5.7273e-01	1.8188e-01	-1.8188e-01	2.1874e-02	7.5983e-01
0.354       	3.6711e-01	1.4965e-22	7.9091e-01	-3.9545e-01	-3.7659e-01	1.8355e-01	-2.1190e-01	5.7901e-01	1.8355e-01	-1.8355e-01	1.8865e-02	7.7204e-01
0.355       	3.7794e-01	1.4456e-22	8.1806e-01	-4.0903e-01	-4.0004e-01	1.8897e-01	-2.2006e-01	5.9800e-01	1.8897e-01	-1.8897e-01	8.9902e-03	8.0907e-01
0.356       	3.8146e-01	1.4639e-22	8.2728e-01	-4.1364e-01	-4.0760e-01	1.9073e-01	-2.2291e-01	6.0437e-01	1.9073e-01	-1.9073e-01	6.0413e-03	8.2123e-01
0.357       	3.9257e-01	1.3852e-22	8.5389e-01	-4.2694e-01	-4.3260e-01	1.9628e-01	-2.3066e-01	6.2323e-01	1.9628e-01	-1.9628e-01	-5.6595e-03	8.5955e-01
0.358       	3.9630e-01	1.3842e-22	8.6354e-01	-4.3177e-01	-4.4075e-01	1.9815e-01	-2.3362e-01	6.2992e-01	1.9815e-01	-1.9815e-01	-8.9793e-03	8.7252e-01
0.359       	4.0032e-01	1.3010e-22	8.7396e-01	-4.3698e-01	-4.4952e-01	2.0016e-01	-2.3682e-01	6.3714e-01	2.0016e-01	-2.0016e-01	-1.2535e-02	8.8650e-01
0.36        	4.1212e-01	1.2368e-22	9.0414e-01	-4.5207e-01	-4.7942e-01	2.0606e-01	-2.4601e-01	6.5813e-01	2.0606e-01	-2.0606e-01	-2.7344e-02	9.3149e-01
0.361       	4.1619e-01	1.2341e-22	9.1507e-01	-4.5754e-01	-4.8886e-01	2.0809e-01	-2.4944e-01	6.6563e-01	2.0809e-01	-2.0809e-01	-3.1320e-02	9.4639e-01
0.362       	4.2054e-01	1.1733e-22	9.2692e-01	-4.6346e-01	-4.9917e-01	2.1027e-01	-2.5319e-01	6.7373e-01	2.1027e-01	-2.1027e-01	-3.5707e-02	9.6263e-01
0.363       	4.3241e-01	1.1089e-22	9.6059e-01	-4.8030e-01	-5.3182e-01	2.1620e-01	-2.6409e-01	6.9650e-01	2.1620e-01	-2.1620e-01	-5.1521e-02	1.0121e+00
0.364       	4.3638e-01	1.1078e-22	9.7221e-01	-4.8611e-01	-5.4195e-01	2.1819e-01	-2.6792e-01	7.0430e-01	2.1819e-01	-2.1819e-01	-5.5847e-02	1.0281e+00
0.365       	4.4658e-01	1.0817e-22	1.0030e+00	-5.0151e-01	-5.7038e-01	2.2329e-01	-2.7822e-01	7.2480e-01	2.2329e-01	-2.2329e-01	-6.8869e-02	1.0719e+00
0.366       	4.4942e-01	1.0834e-22	1.0115e+00	-5.0574e-01	-5.7745e-01	2.2471e-01	-2.8103e-01	7.3045e-01	2.2471e-01	-2.2471e-01	-7.1703e-02	1.0832e+00
0.367       	4.5626e-01	1.0689e-22	1.0316e+00	-5.1581e-01	-5.9423e-01	2.2813e-01	-2.8768e-01	7.4393e-01	2.2813e-01	-2.2813e-01	-7.8426e-02	1.1100e+00
0.368       	4.5867e-01	1.0809e-22	1.0382e+00	-5.1910e-01	-5.9931e-01	2.2934e-01	-2.8976e-01	7.4843e-01	2.2934e-01	-2.2934e-01	-8.0213e-02	1.1184e+00
0.369       	4.6378e-01	1.0570e-22	1.0517e+00	-5.2586e-01	-6.0968e-01	2.3189e-01	-2.9396e-01	7.5775e-01	2.3189e-01	-2.3189e-01	-8.3829e-02	1.1355e+00
0.37        	4.6600e-01	1.0215e-22	1.0570e+00	-5.2851e-01	-6.1373e-01	2.3300e-01	-2.9550e-01	7.6151e-01	2.3300e-01	-2.3300e-01	-8.5226e-02	1.1422e+00
0.371       	4.6997e-01	1.0473e-22	1.0665e+00	-5.3324e-01	-6.2119e-01	2.3498e-01	-2.9826e-01	7.6823e-01	2.3498e-01	-2.3498e-01	-8.7944e-02	1.1544e+00
0.372       	4.7174e-01	1.1111e-22	1.0707e+00	-5.3536e-01	-6.2476e-01	2.3587e-01	-2.9949e-01	7.7123e-01	2.3587e-01	-2.3587e-01	-8.9398e-02	1.1601e+00
0.373       	4.7458e-01	1.0382e-22	1.0782e+00	-5.3912e-01	-6.3198e-01	2.3729e-01	-3.0183e-01	7.7641e-01	2.3729e-01	-2.3729e-01	-9.2857e-02	1.1711e+00
0.374       	4.7601e-01	1.1091e-22	1.0822e+00	-5.4109e-01	-6.3580e-01	2.3801e-01	-3.0308e-01	7.7910e-01	2.3801e-01	-2.3801e-01	-9.4706e-02	1.1769e+00
0.375       	4.7837e-01	1.0571e-22	1.0898e+00	-5.4490e-01	-6.4435e-01	2.3919e-01	-3.0571e-01	7.8408e-01	2.3919e-01	-2.3919e-01	-9.9452e-02	1.1892e+00
0.376       	4.7980e-01	1.0349e-22	1.0939e+00	-5.4696e-01	-6.4872e-01	2.3990e-01	-3.0706e-01	7.8685e-01	2.3990e-01	-2.3990e-01	-1.0177e-01	1.1957e+00
0.377       	4.8201e-01	1.1527e-22	1.1013e+00	-5.5067e-01	-6.5777e-01	2.4101e-01	-3.0966e-01	7.9167e-01	2.4101e-01	-2.4101e-01	-1.0710e-01	1.2084e+00
0.378       	4.8332e-01	1.1189e-22	1.1047e+00	-5.5236e-01	-6.6164e-01	2.4166e-01	-3.1070e-01	7.9402e-01	2.4166e-01	-2.4166e-01	-1.0928e-01	1.2140e+00
0.379       	4.8509e-01	1.1062e-22	1.1094e+00	-5.5472e-01	-6.6808e-01	2.4254e-01	-3.1218e-01	7.9727e-01	2.4254e-01	-2.4254e-01	-1.1336e-01	1.2228e+00
0.38        	4.8581e-01	1.1445e-22	1.1104e+00	-5.5522e-01	-6.6989e-01	2.4290e-01	-3.1232e-01	7.9813e-01	2.4290e-01	-2.4290e-01	-1.1467e-01	1.2251e+00
0.381       	4.8602e-01	1.2567e-22	1.1088e+00	-5.5439e-01	-6.7026e-01	2.4301e-01	-3.1138e-01	7.9740e-01	2.4301e-01	-2.4301e-01	-1.1587e-01	1.2247e+00
0.382       	4.8588e-01	1.2428e-22	1.1069e+00	-5.5343e-01	-6.6945e-01	2.4294e-01	-3.1049e-01	7.9638e-01	2.4294e-01	-2.4294e-01	-1.1602e-01	1.2229e+00
0.383       	4.8506e-01	1.2109e-22	1.1029e+00	-5.5147e-01	-6.6698e-01	2.4253e-01	-3.0894e-01	7.9400e-01	2.4253e-01	-2.4253e-01	-1.1550e-01	1.2185e+00
0.384       	4.8193e-01	1.1851e-22	1.0913e+00	-5.4565e-01	-6.5843e-01	2.4096e-01	-3.0469e-01	7.8662e-01	2.4096e-01	-2.4096e-01	-1.1278e-01	1.2041e+00
0.385       	4.8045e-01	1.1504e-22	1.0859e+00	-5.4294e-01	-6.5450e-01	2.4022e-01	-3.0271e-01	7.8316e-01	2.4022e-01	-2.4022e-01	-1.1156e-01	1.1974e+00
0.386       	4.7847e-01	1.1300e-22	1.0794e+00	-5.3972e-01	-6.4982e-01	2.3923e-01	-3.0049e-01	7.7896e-01	2.3923e-01	-2.3923e-01	-1.1010e-01	1.1895e+00
0.387       	4.7404e-01	1.1398e-22	1.0644e+00	-5.3219e-01	-6.3879e-01	2.3702e-01	-2.9517e-01	7.6921e-01	2.3702e-01	-2.3702e-01	-1.0660e-01	1.1710e+00
0.388       	4.7198e-01	1.1925e-22	1.0579e+00	-5.2894e-01	-6.3434e-01	2.3599e-01	-2.9295e-01	7.6493e-01	2.3599e-01	-2.3599e-01	-1.0540e-01	1.1633e+00
0.389       	4.6946e-01	1.1752e-22	1.0501e+00	-5.2504e-01	-6.2926e-01	2.3473e-01	-2.9031e-01	7.5976e-01	2.3473e-01	-2.3473e-01	-1.0423e-01	1.1543e+00
0.39        	4.6290e-01	1.2835e-22	1.0278e+00	-5.1389e-01	-6.1556e-01	2.3145e-01	-2.8244e-01	7.4535e-01	2.3145e-01	-2.3145e-01	-1.0167e-01	1.1295e+00
0.391       	4.5928e-01	1.3169e-22	1.0165e+00	-5.0823e-01	-6.0830e-01	2.2964e-01	-2.7859e-01	7.3787e-01	2.2964e-01	-2.2964e-01	-1.0007e-01	1.1165e+00
0.392       	4.5461e-01	1.3312e-22	1.0019e+00	-5.0095e-01	-5.9879e-01	2.2730e-01	-2.7365e-01	7.2826e-01	2.2730e-01	-2.2730e-01	-9.7840e-02	1.0997e+00
0.393       	4.4203e-01	1.3594e-22	9.5842e-01	-4.7921e-01	-5.6959e-01	2.2102e-01	-2.5819e-01	7.0022e-01	2.2102e-01	-2.2102e-01	-9.0384e-02	1.0488e+00
0.394       	4.3687e-01	1.3095e-22	9.4233e-01	-4.7116e-01	-5.5814e-01	2.1843e-01	-2.5273e-01	6.8960e-01	2.1843e-01	-2.1843e-01	-8.6976e-02	1.0293e+00
0.395       	4.3144e-01	1.3418e-22	9.2559e-01	-4.6280e-01	-5.4593e-01	2.1572e-01	-2.4708e-01	6.7852e-01	2.1572e-01	-2.1572e-01	-8.3134e-02	1.0087e+00
0.396       	4.1624e-01	1.4165e-22	8.7429e-01	-4.3715e-01	-5.0868e-01	2.0812e-01	-2.2903e-01	6.4527e-01	2.0812e-01	-2.0812e-01	-7.1536e-02	9.4583e-01
0.397       	4.1113e-01	1.3849e-22	8.5848e-01	-4.2924e-01	-4.9715e-01	2.0557e-01	-2.2367e-01	6.3481e-01	2.0557e-01	-2.0557e-01	-6.7914e-02	9.2639e-01
0.398       	4.0542e-01	1.3721e-22	8.4077e-01	-4.2038e-01	-4.8469e-01	2.0271e-01	-2.1767e-01	6.2309e-01	2.0271e-01	-2.0271e-01	-6.4305e-02	9.0507e-01
0.399       	3.8909e-01	1.3834e-22	7.8622e-01	-3.9311e-01	-4.4731e-01	1.9455e-01	-1.9856e-01	5.8765e-01	1.9455e-01	-1.9455e-01	-5.4203e-02	8.4042e-01
0.4         	3.8249e-01	1.3577e-22	7.6513e-01	-3.8257e-01	-4.3313e-01	1.9124e-01	-1.9132e-01	5.7381e-01	1.9124e-01	-1.9124e-01	-5.0564e-02	8.1569e-01
0.401       	3.7477e-01	1.3917e-22	7.4009e-01	-3.7004e-01	-4.1684e-01	1.8738e-01	-1.8266e-01	5.5743e-01	1.8738e-01	-1.8738e-01	-4.6794e-02	7.8688e-01
0.402       	3.5327e-01	1.4635e-22	6.6739e-01	-3.3369e-01	-3.6935e-01	1.7663e-01	-1.5706e-01	5.1033e-01	1.7663e-01	-1.7663e-01	-3.5653e-02	7.0304e-01
0.403       	3.4597e-01	1.4184e-22	6.4312e-01	-3.2156e-01	-3.5391e-01	1.7299e-01	-1.4857e-01	4.9455e-01	1.7299e-01	-1.7299e-01	-3.2349e-02	6.7547e-01
0.404       	3.3896e-01	1.4175e-22	6.1944e-01	-3.0972e-01	-3.3909e-01	1.6948e-01	-1.4024e-01	4.7920e-01	1.6948e-01	-1.6948e-01	-2.9372e-02	6.4881e-01
0.405       	3.2106e-01	1.3735e-22	5.5766e-01	-2.7883e-01	-2.9942e-01	1.6053e-01	-1.1830e-01	4.3936e-01	1.6053e-01	-1.6053e-01	-2.0594e-02	5.7825e-01
0.406       	3.1435e-01	1.2879e-22	5.3448e-01	-2.6724e-01	-2.8486e-01	1.5717e-01	-1.1006e-01	4.2441e-01	1.5717e-01	-1.5717e-01	-1.7626e-02	5.5210e-01
0.407       	2.9641e-01	1.2787e-22	4.7222e-01	-2.3611e-01	-2.4453e-01	1.4821e-01	-8.7904e-02	3.8432e-01	1.4821e-01	-1.4821e-01	-8.4204e-03	4.8064e-01
0.408       	2.9066e-01	1.3125e-22	4.5234e-01	-2.2617e-01	-2.3188e-01	1.4533e-01	-8.0842e-02	3.7150e-01	1.4533e-01	-1.4533e-01	-5.7060e-03	4.5805e-01
0.409       	2.8493e-01	1.2728e-22	4.3253e-01	-2.1627e-01	-2.1950e-01	1.4246e-01	-7.3803e-02	3.5873e-01	1.4246e-01	-1.4246e-01	-3.2318e-03	4.3576e-01
0.41        	2.6681e-01	1.1833e-22	3.7162e-01	-1.8581e-01	-1.8128e-01	1.3341e-01	-5.2404e-02	3.1922e-01	1.3341e-01	-1.3341e-01	4.5342e-03	3.6709e-01
0.411       	2.4642e-01	1.0451e-22	3.0426e-01	-1.5213e-01	-1.3956e-01	1.2321e-01	-2.8920e-02	2.7534e-01	1.2321e-01	-1.2321e-01	1.2571e-02	2.9169e-01
0.412       	2.3975e-01	1.0135e-22	2.8234e-01	-1.4117e-01	-1.2626e-01	1.1988e-01	-2.1294e-02	2.6105e-01	1.1988e-01	-1.1988e-01	1.4909e-02	2.6743e-01
0.413       	2.3370e-01	9.8618e-23	2.6186e-01	-1.3093e-01	-1.1436e-01	1.1685e-01	-1.4080e-02	2.4778e-01	1.1685e-01	-1.1685e-01	1.6574e-02	2.4529e-01
0.414       	2.1617e-01	8.8128e-23	2.0121e-01	-1.0060e-01	-8.0352e-02	1.0809e-01	7.4826e-03	2.0869e-01	1.0809e-01	-1.0809e-01	2.0252e-02	1.8096e-01
0.415       	2.1018e-01	8.7037e-23	1.7967e-01	-8.9835e-02	-6.8663e-02	1.0509e-01	1.5258e-02	1.9493e-01	1.0509e-01	-1.0509e-01	2.1172e-02	1.5850e-01
0.416       	1.9025e-01	7.8313e-23	1.0810e-01	-5.4052e-02	-3.0372e-02	9.5126e-02	4.1074e-02	1.4918e-01	9.5126e-02	-9.5126e-02	2.3680e-02	8.4424e-02
0.417       	1.8431e-01	7.3621e-23	8.6171e-02	-4.3086e-02	-1.8684e-02	9.2157e-02	4.9072e-02	1.3524e-01	9.2157e-02	-9.2157e-02	2.4401e-02	6.1770e-02
0.418       	1.6504e-01	6.1146e-23	1.6440e-02	-8.2198e-03	1.8266e-02	8.2519e-02	7.4299e-02	9.0739e-02	8.2519e-02	-8.2519e-02	2.6486e-02	-1.0047e-02
0.419       	1.6157e-01	5.5819e-23	3.5085e-03	-1.7542e-03	2.5221e-02	8.0784e-02	7.9029e-02	8.2538e-02	8.0784e-02	-8.0784e-02	2.6975e-02	-2.3467e-02
0.42        	1.5143e-01	4.7443e-23	-3.3460e-02	1.6730e-02	4.4825e-02	7.5713e-02	9.2443e-02	5.8983e-02	7.5713e-02	-7.5713e-02	2.8095e-02	-6.1555e-02
0.421       	1.4906e-01	4.7076e-23	-4.2210e-02	2.1105e-02	4.9503e-02	7.4532e-02	9.5637e-02	5.3427e-02	7.4532e-02	-7.4532e-02	2.8398e-02	-7.0608e-02
0.422       	1.4013e-01	3.9694e-23	-7.4298e-02	3.7149e-02	6.5455e-02	7.0064e-02	1.0721e-01	3.2915e-02	7.0064e-02	-7.0064e-02	2.8306e-02	-1.0260e-01
0.423       	1.3017e-01	3.1361e-23	-1.0912e-01	5.4562e-02	8.1778e-02	6.5086e-02	1.1965e-01	1.0523e-02	6.5086e-02	-6.5086e-02	2.7216e-02	-1.3634e-01
0.424       	1.2798e-01	3.0071e-23	-1.1666e-01	5.8328e-02	8.5046e-02	6.3990e-02	1.2232e-01	5.6615e-03	6.3990e-02	-6.3990e-02	2.6718e-02	-1.4337e-01
0.425       	1.2641e-01	2.8406e-23	-1.2177e-01	6.0883e-02	8.7051e-02	6.3206e-02	1.2409e-01	2.3230e-03	6.3206e-02	-6.3206e-02	2.6168e-02	-1.4793e-01
0.426       	1.2080e-01	2.3346e-23	-1.3944e-01	6.9720e-02	9.3870e-02	6.0401e-02	1.3012e-01	-9.3189e-03	6.0401e-02	-6.0401e-02	2.4151e-02	-1.6359e-01
0.427       	1.1462e-01	1.8137e-23	-1.5881e-01	7.9405e-02	1.0115e-01	5.7310e-02	1.3672e-01	-2.2096e-02	5.7310e-02	-5.7310e-02	2.1741e-02	-1.8055e-01
0.428       	1.1298e-01	1.8797e-23	-1.6373e-01	8.1864e-02	1.0301e-01	5.6490e-02	1.3835e-01	-2.5374e-02	5.6490e-02	-5.6490e-02	2.1151e-02	-1.8488e-01
0.429       	1.1133e-01	1.8853e-23	-1.6823e-01	8.4113e-02	1.0481e-01	5.5665e-02	1.3978e-01	-2.8448e-02	5.5665e-02	-5.5665e-02	2.0697e-02	-1.8892e-01
0.43        	1.0454e-01	1.7287e-23	-1.8628e-01	9.3142e-02	1.1206e-01	5.2270e-02	1.4541e-01	-4.0873e-02	5.2270e-02	-5.2270e-02	1.8918e-02	-2.0520e-01
0.431       	9.7614e-02	1.7711e-23	-2.0339e-01	1.0169e-01	1.1901e-01	4.8807e-02	1.5050e-01	-5.2886e-02	4.8807e-02	-4.8807e-02	1.7320e-02	-2.2071e-01
0.432       	9.6134e-02	1.9185e-23	-2.0648e-01	1.0324e-01	1.2017e-01	4.8067e-02	1.5131e-01	-5.5174e-02	4.8067e-02	-4.8067e-02	1.6929e-02	-2.2341e-01
0.433       	9.4746e-02	1.9930e-23	-2.0834e-01	1.0417e-01	1.2081e-01	4.7373e-02	1.5154e-01	-5.6796e-02	4.7373e-02	-4.7373e-02	1.6644e-02	-2.2498e-01
0.434       	9.0258e-02	2.3913e-23	-2.1086e-01	1.0543e-01	1.2194e-01	4.5129e-02	1.5056e-01	-6.0303e-02	4.5129e-02	-4.5129e-02	1.6508e-02	-2.2737e-01
0.435       	8.5913e-02	2.5905e-23	-2.0960e-01	1.0480e-01	1.2142e-01	4.2956e-02	1.4775e-01	-6.1842e-02	4.2956e-02	-4.2956e-02	1.6627e-02	-2.2622e-01
0.436       	8.4864e-02	2.6880e-23	-2.0841e-01	1.0420e-01	1.2074e-01	4.2432e-02	1.4664e-01	-6.1772e-02	4.2432e-02	-4.2432e-02	1.6533e-02	-2.2494e-01
0.437       	8.3815e-02	2.9154e-23	-2.0695e-01	1.0347e-01	1.1983e-01	4.1907e-02	1.4538e-01	-6.1567e-02	4.1907e-02	-4.1907e-02	1.6351e-02	-2.2330e-01
0.438       	7.8969e-02	3.3623e-23	-2.0077e-01	1.0038e-01	1.1683e-01	3.9484e-02	1.3987e-01	-6.0899e-02	3.9484e-02	-3.9484e-02	1.6443e-02	-2.1721e-01
0.439       	7.3156e-02	3.6662e-23	-1.9654e-01	9.8270e-02	1.1516e-01	3.6578e-02	1.3485e-01	-6.1692e-02	3.6578e-02	-3.6578e-02	1.6886e-02	-2.1343e-01
0.44        	7.1463e-02	3.5014e-23	-1.9692e-01	9.8461e-02	1.1541e-01	3.5731e-02	1.3419e-01	-6.2730e-02	3.5731e-02	-3.5731e-02	1.6952e-02	-2.1388e-01
0.441       	6.9417e-02	3.5047e-23	-1.9849e-01	9.9246e-02	1.1627e-01	3.4708e-02	1.3395e-01	-6.4537e-02	3.4708e-02	-3.4708e-02	1.7025e-02	-2.1552e-01
0.442       	6.3184e-02	3.5225e-23	-2.0234e-01	1.0117e-01	1.1813e-01	3.1592e-02	1.3276e-01	-6.9576e-02	3.1592e-02	-3.1592e-02	1.6963e-02	-2.1930e-01
0.443       	5.7619e-02	3.5829e-23	-2.0422e-01	1.0211e-01	1.1850e-01	2.8810e-02	1.3092e-01	-7.3303e-02	2.8810e-02	-2.8810e-02	1.6384e-02	-2.2061e-01
0.444       	5.6043e-02	3.6650e-23	-2.0483e-01	1.0242e-01	1.1865e-01	2.8022e-02	1.3044e-01	-7.4394e-02	2.8022e-02	-2.8022e-02	1.6232e-02	-2.2106e-01
0.445       	5.4580e-02	3.6984e-23	-2.0508e-01	1.0254e-01	1.1827e-01	2.7290e-02	1.2983e-01	-7.5252e-02	2.7290e-02	-2.7290e-02	1.5725e-02	-2.2081e-01
0.446       	5.2324e-02	3.7440e-23	-2.0020e-01	1.0010e-01	1.1211e-01	2.6162e-02	1.2626e-01	-7.3936e-02	2.6162e-02	-2.6162e-02	1.2014e-02	-2.1221e-01
0.447       	5.1991e-02	3.7393e-23	-1.9075e-01	9.5375e-02	1.0277e-01	2.5996e-02	1.2137e-01	-6.9379e-02	2.5996e-02	-2.5996e-02	7.3922e-03	-1.9814e-01
0.448       	5.2246e-02	3.8469e-23	-1.8758e-01	9.3791e-02	9.9881e-02	2.6123e-02	1.1991e-01	-6.7668e-02	2.6123e-02	-2.6123e-02	6.0898e-03	-1.9367e-01
0.449       	5.2887e-02	3.8683e-23	-1.8374e-01	9.1869e-02	9.6436e-02	2.6443e-02	1.1831e-01	-6.5426e-02	2.6443e-02	-2.6443e-02	4.5674e-03	-1.8831e-01
0.45        	5.6434e-02	3.6888e-23	-1.6760e-01	8.3802e-02	8.2552e-02	2.8217e-02	1.1202e-01	-5.5585e-02	2.8217e-02	-2.8217e-02	-1.2508e-03	-1.6635e-01
0.451       	5.7920e-02	3.5809e-23	-1.6166e-01	8.0828e-02	7.7489e-02	2.8960e-02	1.0979e-01	-5.1868e-02	2.8960e-02	-2.8960e-02	-3.3389e-03	-1.5832e-01
0.452       	6.3763e-02	3.4461e-23	-1.3911e-01	6.9557e-02	5.9109e-02	3.1881e-02	1.0144e-01	-3.7676e-02	3.1881e-02	-3.1881e-02	-1.0449e-02	-1.2867e-01
0.453       	6.5701e-02	3.4694e-23	-1.3197e-01	6.5984e-02	5.3433e-02	3.2851e-02	9.8835e-02	-3.3133e-02	3.2851e-02	-3.2851e-02	-1.2551e-02	-1.1942e-01
0.454       	6.7571e-02	3.4799e-23	-1.2500e-01	6.2502e-02	4.7998e-02	3.3785e-02	9.6288e-02	-2.8717e-02	3.3785e-02	-3.3785e-02	-1.4505e-02	-1.1050e-01
0.455       	7.2493e-02	3.3645e-23	-1.0515e-01	5.2576e-02	3.3214e-02	3.6246e-02	8.8822e-02	-1.6329e-02	3.6246e-02	-3.6246e-02	-1.9362e-02	-8.5790e-02
0.456       	7.3730e-02	3.3540e-23	-9.9564e-02	4.9782e-02	2.9227e-02	3.6865e-02	8.6647e-02	-1.2917e-02	3.6865e-02	-3.6865e-02	-2.0555e-02	-7.9010e-02
0.457       	7.6637e-02	3.2250e-23	-8.3379e-02	4.1689e-02	1.8521e-02	3.8318e-02	8.0008e-02	-3.3709e-03	3.8318e-02	-3.8318e-02	-2.3168e-02	-6.0211e-02
0.458       	7.7176e-02	3.2000e-23	-7.9421e-02	3.9711e-02	1.6092e-02	3.8588e-02	7.8299e-02	-1.1226e-03	3.8588e-02	-3.8588e-02	-2.3619e-02	-5.5803e-02
0.459       	7.7567e-02	3.2272e-23	-7.5749e-02	3.7874e-02	1.3941e-02	3.8783e-02	7.6658e-02	9.0885e-04	3.8783e-02	-3.8783e-02	-2.3934e-02	-5.1815e-02
0.46        	7.8436e-02	3.0970e-23	-6.4389e-02	3.2195e-02	7.2937e-03	3.9218e-02	7.1412e-02	7.0231e-03	3.9218e-02	-3.9218e-02	-2.4901e-02	-3.9488e-02
0.461       	7.8722e-02	3.0424e-23	-6.0851e-02	3.0426e-02	5.1535e-03	3.9361e-02	6.9787e-02	8.9356e-03	3.9361e-02	-3.9361e-02	-2.5272e-02	-3.5579e-02
0.462       	7.9757e-02	2.8486e-23	-4.7749e-02	2.3875e-02	-3.3999e-03	3.9879e-02	6.3753e-02	1.6004e-02	3.9879e-02	-3.9879e-02	-2.7275e-02	-2.0475e-02
0.463       	8.0309e-02	2.7210e-23	-4.3876e-02	2.1938e-02	-6.1210e-03	4.0155e-02	6.2093e-02	1.8217e-02	4.0155e-02	-4.0155e-02	-2.8059e-02	-1.5817e-02
0.464       	8.1274e-02	2.6491e-23	-3.9098e-02	1.9549e-02	-9.6508e-03	4.0637e-02	6.0186e-02	2.1088e-02	4.0637e-02	-4.0637e-02	-2.9200e-02	-9.8983e-03
0.465       	8.7070e-02	2.3833e-23	-1.6165e-02	8.0824e-03	-2.7091e-02	4.3535e-02	5.1618e-02	3.5453e-02	4.3535e-02	-4.3535e-02	-3.5173e-02	1.9009e-02
0.466       	8.9252e-02	2.2343e-23	-9.0409e-03	4.5204e-03	-3.2492e-02	4.4626e-02	4.9146e-02	4.0105e-02	4.4626e-02	-4.4626e-02	-3.7012e-02	2.7971e-02
0.467       	9.2381e-02	2.1464e-23	2.8135e-04	-1.4068e-04	-3.9408e-02	4.6191e-02	4.6050e-02	4.6331e-02	4.6191e-02	-4.6191e-02	-3.9267e-02	3.9548e-02
0.468       	1.0712e-01	2.0280e-23	4.2307e-02	-2.1154e-02	-6.9961e-02	5.3558e-02	3.2404e-02	7.4711e-02	5.3558e-02	-5.3558e-02	-4.8808e-02	9.1115e-02
0.469       	1.1146e-01	1.9830e-23	5.4437e-02	-2.7218e-02	-7.8494e-02	5.5729e-02	2.8511e-02	8.2948e-02	5.5729e-02	-5.5729e-02	-5.1276e-02	1.0571e-01
0.47        	1.2878e-01	2.0781e-23	1.0244e-01	-5.1220e-02	-1.1171e-01	6.4390e-02	1.3170e-02	1.1561e-01	6.4390e-02	-6.4390e-02	-6.0495e-02	1.6293e-01
0.471       	1.3219e-01	2.0608e-23	1.1203e-01	-5.6017e-02	-1.1810e-01	6.6093e-02	1.0076e-02	1.2211e-01	6.6093e-02	-6.6093e-02	-6.2086e-02	1.7412e-01
0.472       	1.3535e-01	2.1226e-23	1.2122e-01	-6.0611e-02	-1.2395e-01	6.7673e-02	7.0614e-03	1.2828e-01	6.7673e-02	-6.7673e-02	-6.3339e-02	1.8456e-01
0.473       	1.4758e-01	2.3756e-23	1.5776e-01	-7.8878e-02	-1.4650e-01	7.3789e-02	-5.0891e-03	1.5267e-01	7.3789e-02	-7.3789e-02	-6.7621e-02	2.2538e-01
0.474       	1.5053e-01	2.5726e-23	1.6706e-01	-8.3530e-02	-1.5190e-01	7.5265e-02	-8.2650e-03	1.5879e-01	7.5265e-02	-7.5265e-02	-6.8374e-02	2.3543e-01
0.475       	1.5359e-01	2.6279e-23	1.7724e-01	-8.8620e-02	-1.5753e-01	7.6795e-02	-1.1825e-02	1.6541e-01	7.6795e-02	-7.6795e-02	-6.8909e-02	2.4615e-01
0.476       	1.6594e-01	2.9514e-23	2.1884e-01	-1.0942e-01	-1.8064e-01	8.2970e-02	-2.6452e-02	1.9239e-01	8.2970e-02	-8.2970e-02	-7.1215e-02	2.9006e-01
0.477       	1.6850e-01	2.9991e-23	2.2786e-01	-1.1393e-01	-1.8553e-01	8.4248e-02	-2.9681e-02	1.9818e-01	8.4248e-02	-8.4248e-02	-7.1600e-02	2.9946e-01
0.478       	1.7070e-01	3.0511e-23	2.3567e-01	-1.1783e-01	-1.8988e-01	8.5352e-02	-3.2480e-02	2.0318e-01	8.5352e-02	-8.5352e-02	-7.2045e-02	3.0771e-01
0.479       	1.7294e-01	3.1464e-23	2.4343e-01	-1.2171e-01	-1.9433e-01	8.6470e-02	-3.5244e-02	2.0818e-01	8.6470e-02	-8.6470e-02	-7.2620e-02	3.1605e-01
0.48        	1.7550e-01	2.9810e-23	2.5204e-01	-1.2602e-01	-1.9940e-01	8.7752e-02	-3.8266e-02	2.1377e-01	8.7752e-02	-8.7752e-02	-7.3379e-02	3.2541e-01
0.481       	1.8504e-01	2.7863e-23	2.8385e-01	-1.4192e-01	-2.1788e-01	9.2520e-02	-4.9404e-02	2.3444e-01	9.2520e-02	-9.2520e-02	-7.5955e-02	3.5980e-01
0.482       	1.8756e-01	2.8698e-23	2.9218e-01	-1.4609e-01	-2.2259e-01	9.3779e-02	-5.2310e-02	2.3987e-01	9.3779e-02	-9.3779e-02	-7.6503e-02	3.6868e-01
0.483       	1.8988e-01	2.9276e-23	2.9966e-01	-1.4983e-01	-2.2672e-01	9.4942e-02	-5.4886e-02	2.4477e-01	9.4942e-02	-9.4942e-02	-7.6892e-02	3.7655e-01
0.484       	1.9241e-01	3.0082e-23	3.0733e-01	-1.5367e-01	-2.3085e-01	9.6204e-02	-5.7463e-02	2.4987e-01	9.6204e-02	-9.6204e-02	-7.7182e-02	3.8452e-01
0.485       	2.0160e-01	3.4652e-23	3.3512e-01	-1.6756e-01	-2.4458e-01	1.0080e-01	-6.6760e-02	2.6836e-01	1.0080e-01	-1.0080e-01	-7.7022e-02	4.1214e-01
0.486       	2.0416e-01	3.5991e-23	3.4218e-01	-1.7109e-01	-2.4799e-01	1.0208e-01	-6.9007e-02	2.7317e-01	1.0208e-01	-1.0208e-01	-7.6905e-02	4.1908e-01
0.487       	2.0643e-01	3.8472e-23	3.4815e-01	-1.7408e-01	-2.5047e-01	1.0322e-01	-7.0861e-02	2.7729e-01	1.0322e-01	-1.0322e-01	-7.6389e-02	4.2454e-01
0.488       	2.1248e-01	4.3921e-23	3.6478e-01	-1.8239e-01	-2.5485e-01	1.0624e-01	-7.6150e-02	2.8863e-01	1.0624e-01	-1.0624e-01	-7.2463e-02	4.3724e-01
0.489       	2.1345e-01	4.5443e-23	3.6745e-01	-1.8373e-01	-2.5484e-01	1.0673e-01	-7.6999e-02	2.9045e-01	1.0673e-01	-1.0673e-01	-7.1116e-02	4.3857e-01
0.49        	2.1371e-01	4.7348e-23	3.6834e-01	-1.8417e-01	-2.5358e-01	1.0686e-01	-7.7313e-02	2.9102e-01	1.0686e-01	-1.0686e-01	-6.9417e-02	4.3775e-01
0.491       	2.1265e-01	4.9399e-23	3.6696e-01	-1.8348e-01	-2.4554e-01	1.0633e-01	-7.7156e-02	2.8981e-01	1.0633e-01	-1.0633e-01	-6.2062e-02	4.2903e-01
0.492       	2.1197e-01	5.0461e-23	3.6562e-01	-1.8281e-01	-2.4299e-01	1.0599e-01	-7.6825e-02	2.8880e-01	1.0599e-01	-1.0599e-01	-6.0174e-02	4.2580e-01
0.493       	2.1088e-01	5.1004e-23	3.6342e-01	-1.8171e-01	-2.3976e-01	1.0544e-01	-7.6272e-02	2.8715e-01	1.0544e-01	-1.0544e-01	-5.8046e-02	4.2147e-01
0.494       	2.0599e-01	5.1068e-23	3.5379e-01	-1.7690e-01	-2.2656e-01	1.0300e-01	-7.3900e-02	2.7989e-01	1.0300e-01	-1.0300e-01	-4.9665e-02	4.0345e-01
0.495       	2.0463e-01	5.0742e-23	3.5122e-01	-1.7561e-01	-2.2301e-01	1.0232e-01	-7.3292e-02	2.7793e-01	1.0232e-01	-1.0232e-01	-4.7404e-02	3.9862e-01
0.496       	2.0316e-01	5.1904e-23	3.4841e-01	-1.7420e-01	-2.1915e-01	1.0158e-01	-7.2626e-02	2.7578e-01	1.0158e-01	-1.0158e-01	-4.4948e-02	3.9336e-01
0.497       	1.9789e-01	5.3517e-23	3.3706e-01	-1.6853e-01	-2.0507e-01	9.8945e-02	-6.9587e-02	2.6748e-01	9.8945e-02	-9.8945e-02	-3.6537e-02	3.7360e-01
0.498       	1.9646e-01	5.2394e-23	3.3376e-01	-1.6688e-01	-2.0110e-01	9.8229e-02	-6.8653e-02	2.6511e-01	9.8229e-02	-9.8229e-02	-3.4217e-02	3.6798e-01
0.499       	1.9496e-01	5.2872e-23	3.2994e-01	-1.6497e-01	-1.9688e-01	9.7482e-02	-6.7490e-02	2.6245e-01	9.7482e-02	-9.7482e-02	-3.1910e-02	3.6185e-01
0.5         	1.9323e-01	5.3616e-23	3.2522e-01	-1.6261e-01	-1.9189e-01	9.6613e-02	-6.5997e-02	2.5922e-01	9.6613e-02	-9.6613e-02	-2.9278e-02	3.5450e-01
0.501       	1.8689e-01	5.6734e-23	3.0676e-01	-1.5338e-01	-1.7381e-01	9.3447e-02	-5.9934e-02	2.4683e-01	9.3447e-02	-9.3447e-02	-2.0432e-02	3.2719e-01
0.502       	1.8448e-01	5.8104e-23	2.9969e-01	-1.4985e-01	-1.6727e-01	9.2238e-02	-5.7608e-02	2.4208e-01	9.2238e-02	-9.2238e-02	-1.7423e-02	3.1712e-01
0.503       	1.8153e-01	5.9258e-23	2.9121e-01	-1.4561e-01	-1.5973e-01	9.0763e-02	-5.4843e-02	2.3637e-01	9.0763e-02	-9.0763e-02	-1.4128e-02	3.0534e-01
0.504       	1.7791e-01	6.0376e-23	2.8123e-01	-1.4062e-01	-1.5091e-01	8.8954e-02	-5.1661e-02	2.2957e-01	8.8954e-02	-8.8954e-02	-1.0294e-02	2.9152e-01
0.505       	1.6524e-01	6.2580e-23	2.4599e-01	-1.2299e-01	-1.2081e-01	8.2618e-02	-4.0375e-02	2.0561e-01	8.2618e-02	-8.2618e-02	2.1852e-03	2.4380e-01
0.506       	1.6143e-01	6.2222e-23	2.3564e-01	-1.1782e-01	-1.1226e-01	8.0715e-02	-3.7105e-02	1.9853e-01	8.0715e-02	-8.0715e-02	5.5587e-03	2.3008e-01
0.507       	1.5753e-01	6.1529e-23	2.2512e-01	-1.1256e-01	-1.0387e-01	7.8764e-02	-3.3798e-02	1.9133e-01	7.8764e-02	-7.8764e-02	8.6873e-03	2.1644e-01
0.508       	1.5320e-01	6.1396e-23	2.1373e-01	-1.0687e-01	-9.4888e-02	7.6601e-02	-3.0265e-02	1.8347e-01	7.6601e-02	-7.6601e-02	1.1978e-02	2.0175e-01
0.509       	1.3907e-01	6.2056e-23	1.7597e-01	-8.7984e-02	-6.6027e-02	6.9534e-02	-1.8450e-02	1.5752e-01	6.9534e-02	-6.9534e-02	2.1957e-02	1.5401e-01
0.51        	1.3479e-01	6.1736e-23	1.6471e-01	-8.2356e-02	-5.7598e-02	6.7393e-02	-1.4963e-02	1.4975e-01	6.7393e-02	-6.7393e-02	2.4758e-02	1.3995e-01
0.511       	1.3075e-01	6.1290e-23	1.5417e-01	-7.7084e-02	-4.9792e-02	6.5374e-02	-1.1710e-02	1.4246e-01	6.5374e-02	-6.5374e-02	2.7292e-02	1.2688e-01
0.512       	1.2688e-01	6.1290e-23	1.4436e-01	-7.2180e-02	-4.2377e-02	6.3439e-02	-8.7404e-03	1.3562e-01	6.3439e-02	-6.3439e-02	2.9803e-02	1.1456e-01
0.513       	1.2309e-01	6.2066e-23	1.3514e-01	-6.7568e-02	-3.5117e-02	6.1543e-02	-6.0253e-03	1.2911e-01	6.1543e-02	-6.1543e-02	3.2451e-02	1.0269e-01
0.514       	1.1244e-01	6.4260e-23	1.0872e-01	-5.4358e-02	-1.4587e-02	5.6218e-02	1.8597e-03	1.1058e-01	5.6218e-02	-5.6218e-02	3.9772e-02	6.8945e-02
0.515       	1.0904e-01	6.4717e-23	1.0019e-01	-5.0096e-02	-8.0361e-03	5.4520e-02	4.4233e-03	1.0462e-01	5.4520e-02	-5.4520e-02	4.2060e-02	5.8132e-02
0.516       	1.0573e-01	6.5204e-23	9.1729e-02	-4.5865e-02	-1.6110e-03	5.2863e-02	6.9985e-03	9.8728e-02	5.2863e-02	-5.2863e-02	4.4254e-02	4.7476e-02
0.517       	1.0247e-01	6.5733e-23	8.3567e-02	-4.1784e-02	4.7252e-03	5.1234e-02	9.4501e-03	9.3017e-02	5.1234e-02	-5.1234e-02	4.6509e-02	3.7058e-02
0.518       	9.9321e-02	6.6632e-23	7.6114e-02	-3.8057e-02	1.0806e-02	4.9660e-02	1.1603e-02	8.7717e-02	4.9660e-02	-4.9660e-02	4.8863e-02	2.7251e-02
0.519       	9.0119e-02	6.8052e-23	5.4372e-02	-2.7186e-02	2.8287e-02	4.5060e-02	1.7874e-02	7.2246e-02	4.5060e-02	-4.5060e-02	5.5473e-02	-1.1017e-03
0.52        	8.7366e-02	6.7102e-23	4.8101e-02	-2.4050e-02	3.3318e-02	4.3683e-02	1.9633e-02	6.7733e-02	4.3683e-02	-4.3683e-02	5.7369e-02	-9.2680e-03
0.521       	8.5136e-02	6.7101e-23	4.3344e-02	-2.1672e-02	3.7150e-02	4.2568e-02	2.0896e-02	6.4240e-02	4.2568e-02	-4.2568e-02	5.8822e-02	-1.5477e-02
0.522       	8.3573e-02	6.6250e-23	4.0688e-02	-2.0344e-02	3.9537e-02	4.1786e-02	2.1442e-02	6.2130e-02	4.1786e-02	-4.1786e-02	5.9881e-02	-1.9193e-02
0.523       	8.2510e-02	6.7802e-23	3.9863e-02	-1.9931e-02	4.0770e-02	4.1255e-02	2.1323e-02	6.1186e-02	4.1255e-02	-4.1255e-02	6.0701e-02	-2.0838e-02
0.524       	8.0210e-02	6.8974e-23	4.0056e-02	-2.0028e-02	4.2468e-02	4.0105e-02	2.0077e-02	6.0133e-02	4.0105e-02	-4.0105e-02	6.2496e-02	-2.2440e-02
0.525       	7.9786e-02	7.0111e-23	4.1038e-02	-2.0519e-02	4.2351e-02	3.9893e-02	1.9374e-02	6.0412e-02	3.9893e-02	-3.9893e-02	6.2870e-02	-2.1832e-02
0.526       	7.9659e-02	7.0118e-23	4.2909e-02	-2.1454e-02	4.1627e-02	3.9830e-02	1.8375e-02	6.1284e-02	3.9830e-02	-3.9830e-02	6.3081e-02	-2.0172e-02
0.527       	7.9855e-02	7.1289e-23	4.6045e-02	-2.3022e-02	4.0159e-02	3.9928e-02	1.6905e-02	6.2950e-02	3.9928e-02	-3.9928e-02	6.3181e-02	-1.7136e-02
0.528       	8.0399e-02	7.2948e-23	5.0671e-02	-2.5335e-02	3.7870e-02	4.0199e-02	1.4864e-02	6.5535e-02	4.0199e-02	-4.0199e-02	6.3206e-02	-1.2535e-02
0.529       	8.2959e-02	7.7704e-23	6.7315e-02	-3.3658e-02	2.9456e-02	4.1480e-02	7.8220e-03	7.5137e-02	4.1480e-02	-4.1480e-02	6.3114e-02	4.2018e-03
0.53        	8.3852e-02	7.9061e-23	7.2278e-02	-3.6139e-02	2.6866e-02	4.1926e-02	5.7867e-03	7.8065e-02	4.1926e-02	-4.1926e-02	6.3005e-02	9.2733e-03
0.531       	8.4940e-02	8.0008e-23	7.7663e-02	-3.8831e-02	2.4001e-02	4.2470e-02	3.6384e-03	8.1301e-02	4.2470e-02	-4.2470e-02	6.2833e-02	1.4830e-02
0.532       	8.6263e-02	8.1397e-23	8.3954e-02	-4.1977e-02	2.0623e-02	4.3132e-02	1.1544e-03	8.5109e-02	4.3132e-02	-4.3132e-02	6.2600e-02	2.1354e-02
0.533       	8.7770e-02	8.2938e-23	9.1162e-02	-4.5581e-02	1.6751e-02	4.3885e-02	-1.6958e-03	8.9466e-02	4.3885e-02	-4.3885e-02	6.2332e-02	2.8830e-02
0.534       	9.3170e-02	8.6483e-23	1.1638e-01	-5.8192e-02	3.3088e-03	4.6585e-02	-1.1607e-02	1.0478e-01	4.6585e-02	-4.6585e-02	6.1500e-02	5.4883e-02
0.535       	9.4778e-02	8.7400e-23	1.2386e-01	-6.1931e-02	-7.9612e-04	4.7389e-02	-1.4542e-02	1.0932e-01	4.7389e-02	-4.7389e-02	6.1135e-02	6.2727e-02
0.536       	9.6439e-02	8.7913e-23	1.3147e-01	-6.5734e-02	-5.0653e-03	4.8219e-02	-1.7515e-02	1.1395e-01	4.8219e-02	-4.8219e-02	6.0669e-02	7.0800e-02
0.537       	9.8160e-02	8.8445e-23	1.3943e-01	-6.9716e-02	-9.6184e-03	4.9080e-02	-2.0636e-02	1.1880e-01	4.9080e-02	-4.9080e-02	6.0097e-02	7.9334e-02
